Automatically generated mesh
     164
Reciprocal lattice
    0.00000000000000    0.00000000000000    0.00000000000000             1
    0.16666666666667    0.00000000000000   -0.00000000000000             2
    0.33333333333333   -0.00000000000000    0.00000000000000             2
    0.50000000000000   -0.00000000000000    0.00000000000000             1
   -0.00000000000000    0.16666666666667    0.00000000000000             2
    0.16666666666667    0.16666666666667    0.00000000000000             2
    0.33333333333333    0.16666666666667    0.00000000000000             2
    0.50000000000000    0.16666666666667    0.00000000000000             2
   -0.33333333333333    0.16666666666667    0.00000000000000             2
   -0.16666666666667    0.16666666666667   -0.00000000000000             2
   -0.00000000000000    0.33333333333333    0.00000000000000             2
    0.16666666666667    0.33333333333333    0.00000000000000             2
    0.33333333333333    0.33333333333333    0.00000000000000             2
    0.50000000000000    0.33333333333333   -0.00000000000000             2
   -0.33333333333333    0.33333333333333   -0.00000000000000             2
   -0.16666666666667    0.33333333333333    0.00000000000000             2
   -0.00000000000000    0.50000000000000   -0.00000000000000             1
    0.16666666666667    0.50000000000000    0.00000000000000             2
    0.33333333333333    0.50000000000000    0.00000000000000             2
    0.50000000000000    0.50000000000000    0.00000000000000             1
    0.00000000000000    0.00000000000000    0.11111111111111             2
    0.16666666666667   -0.00000000000000    0.11111111111111             2
    0.33333333333333   -0.00000000000000    0.11111111111111             2
    0.50000000000000   -0.00000000000000    0.11111111111111             2
   -0.33333333333333    0.00000000000000    0.11111111111111             2
   -0.16666666666667   -0.00000000000000    0.11111111111111             2
    0.00000000000000    0.16666666666667    0.11111111111111             2
    0.16666666666667    0.16666666666667    0.11111111111111             2
    0.33333333333333    0.16666666666667    0.11111111111111             2
    0.50000000000000    0.16666666666667    0.11111111111111             2
   -0.33333333333333    0.16666666666667    0.11111111111111             2
   -0.16666666666667    0.16666666666667    0.11111111111111             2
   -0.00000000000000    0.33333333333333    0.11111111111111             2
    0.16666666666667    0.33333333333333    0.11111111111111             2
    0.33333333333333    0.33333333333333    0.11111111111111             2
    0.50000000000000    0.33333333333333    0.11111111111111             2
   -0.33333333333333    0.33333333333333    0.11111111111111             2
   -0.16666666666667    0.33333333333333    0.11111111111111             2
   -0.00000000000000    0.50000000000000    0.11111111111111             2
    0.16666666666667    0.50000000000000    0.11111111111111             2
    0.33333333333333    0.50000000000000    0.11111111111111             2
    0.50000000000000    0.50000000000000    0.11111111111111             2
   -0.33333333333333    0.50000000000000    0.11111111111111             2
   -0.16666666666667    0.50000000000000    0.11111111111111             2
   -0.00000000000000   -0.33333333333333    0.11111111111111             2
    0.16666666666667   -0.33333333333333    0.11111111111111             2
    0.33333333333333   -0.33333333333333    0.11111111111111             2
    0.50000000000000   -0.33333333333333    0.11111111111111             2
   -0.33333333333333   -0.33333333333333    0.11111111111111             2
   -0.16666666666667   -0.33333333333333    0.11111111111111             2
    0.00000000000000   -0.16666666666667    0.11111111111111             2
    0.16666666666667   -0.16666666666667    0.11111111111111             2
    0.33333333333333   -0.16666666666667    0.11111111111111             2
    0.50000000000000   -0.16666666666667    0.11111111111111             2
   -0.33333333333333   -0.16666666666667    0.11111111111111             2
   -0.16666666666667   -0.16666666666667    0.11111111111111             2
    0.00000000000000    0.00000000000000    0.22222222222222             2
    0.16666666666667    0.00000000000000    0.22222222222222             2
    0.33333333333333   -0.00000000000000    0.22222222222222             2
    0.50000000000000   -0.00000000000000    0.22222222222222             2
   -0.33333333333333   -0.00000000000000    0.22222222222222             2
   -0.16666666666667    0.00000000000000    0.22222222222222             2
    0.00000000000000    0.16666666666667    0.22222222222222             2
    0.16666666666667    0.16666666666667    0.22222222222222             2
    0.33333333333333    0.16666666666667    0.22222222222222             2
    0.50000000000000    0.16666666666667    0.22222222222222             2
   -0.33333333333333    0.16666666666667    0.22222222222222             2
   -0.16666666666667    0.16666666666667    0.22222222222222             2
    0.00000000000000    0.33333333333333    0.22222222222222             2
    0.16666666666667    0.33333333333333    0.22222222222222             2
    0.33333333333333    0.33333333333333    0.22222222222222             2
    0.50000000000000    0.33333333333333    0.22222222222222             2
   -0.33333333333333    0.33333333333333    0.22222222222222             2
   -0.16666666666667    0.33333333333333    0.22222222222222             2
   -0.00000000000000    0.50000000000000    0.22222222222222             2
    0.16666666666667    0.50000000000000    0.22222222222222             2
    0.33333333333333    0.50000000000000    0.22222222222222             2
    0.50000000000000    0.50000000000000    0.22222222222222             2
   -0.33333333333333    0.50000000000000    0.22222222222222             2
   -0.16666666666667    0.50000000000000    0.22222222222222             2
    0.00000000000000   -0.33333333333333    0.22222222222222             2
    0.16666666666667   -0.33333333333333    0.22222222222222             2
    0.33333333333333   -0.33333333333333    0.22222222222222             2
    0.50000000000000   -0.33333333333333    0.22222222222222             2
   -0.33333333333333   -0.33333333333333    0.22222222222222             2
   -0.16666666666667   -0.33333333333333    0.22222222222222             2
    0.00000000000000   -0.16666666666667    0.22222222222222             2
    0.16666666666667   -0.16666666666667    0.22222222222222             2
    0.33333333333333   -0.16666666666667    0.22222222222222             2
    0.50000000000000   -0.16666666666667    0.22222222222222             2
   -0.33333333333333   -0.16666666666667    0.22222222222222             2
   -0.16666666666667   -0.16666666666667    0.22222222222222             2
    0.00000000000000    0.00000000000000    0.33333333333333             2
    0.16666666666667    0.00000000000000    0.33333333333333             2
    0.33333333333333    0.00000000000000    0.33333333333333             2
    0.50000000000000    0.00000000000000    0.33333333333333             2
   -0.33333333333333    0.00000000000000    0.33333333333333             2
   -0.16666666666667    0.00000000000000    0.33333333333333             2
   -0.00000000000000    0.16666666666667    0.33333333333333             2
    0.16666666666667    0.16666666666667    0.33333333333333             2
    0.33333333333333    0.16666666666667    0.33333333333333             2
    0.50000000000000    0.16666666666667    0.33333333333333             2
   -0.33333333333333    0.16666666666667    0.33333333333333             2
   -0.16666666666667    0.16666666666667    0.33333333333333             2
   -0.00000000000000    0.33333333333333    0.33333333333333             2
    0.16666666666667    0.33333333333333    0.33333333333333             2
    0.33333333333333    0.33333333333333    0.33333333333333             2
    0.50000000000000    0.33333333333333    0.33333333333333             2
   -0.33333333333333    0.33333333333333    0.33333333333333             2
   -0.16666666666667    0.33333333333333    0.33333333333333             2
   -0.00000000000000    0.50000000000000    0.33333333333333             2
    0.16666666666667    0.50000000000000    0.33333333333333             2
    0.33333333333333    0.50000000000000    0.33333333333333             2
    0.50000000000000    0.50000000000000    0.33333333333333             2
   -0.33333333333333    0.50000000000000    0.33333333333333             2
   -0.16666666666667    0.50000000000000    0.33333333333333             2
    0.00000000000000   -0.33333333333333    0.33333333333333             2
    0.16666666666667   -0.33333333333333    0.33333333333333             2
    0.33333333333333   -0.33333333333333    0.33333333333333             2
    0.50000000000000   -0.33333333333333    0.33333333333333             2
   -0.33333333333333   -0.33333333333333    0.33333333333333             2
   -0.16666666666667   -0.33333333333333    0.33333333333333             2
    0.00000000000000   -0.16666666666667    0.33333333333333             2
    0.16666666666667   -0.16666666666667    0.33333333333333             2
    0.33333333333333   -0.16666666666667    0.33333333333333             2
    0.50000000000000   -0.16666666666667    0.33333333333333             2
   -0.33333333333333   -0.16666666666667    0.33333333333333             2
   -0.16666666666667   -0.16666666666667    0.33333333333333             2
    0.00000000000000    0.00000000000000    0.44444444444444             2
    0.16666666666667    0.00000000000000    0.44444444444444             2
    0.33333333333333    0.00000000000000    0.44444444444444             2
    0.50000000000000    0.00000000000000    0.44444444444444             2
   -0.33333333333333    0.00000000000000    0.44444444444444             2
   -0.16666666666667    0.00000000000000    0.44444444444444             2
   -0.00000000000000    0.16666666666667    0.44444444444444             2
    0.16666666666667    0.16666666666667    0.44444444444444             2
    0.33333333333333    0.16666666666667    0.44444444444444             2
    0.50000000000000    0.16666666666667    0.44444444444444             2
   -0.33333333333333    0.16666666666667    0.44444444444444             2
   -0.16666666666667    0.16666666666667    0.44444444444444             2
    0.00000000000000    0.33333333333333    0.44444444444444             2
    0.16666666666667    0.33333333333333    0.44444444444444             2
    0.33333333333333    0.33333333333333    0.44444444444444             2
    0.50000000000000    0.33333333333333    0.44444444444444             2
   -0.33333333333333    0.33333333333333    0.44444444444444             2
   -0.16666666666667    0.33333333333333    0.44444444444444             2
   -0.00000000000000    0.50000000000000    0.44444444444444             2
    0.16666666666667    0.50000000000000    0.44444444444444             2
    0.33333333333333    0.50000000000000    0.44444444444444             2
    0.50000000000000    0.50000000000000    0.44444444444444             2
   -0.33333333333333    0.50000000000000    0.44444444444444             2
   -0.16666666666667    0.50000000000000    0.44444444444444             2
    0.00000000000000   -0.33333333333333    0.44444444444444             2
    0.16666666666667   -0.33333333333333    0.44444444444444             2
    0.33333333333333   -0.33333333333333    0.44444444444444             2
    0.50000000000000   -0.33333333333333    0.44444444444444             2
   -0.33333333333333   -0.33333333333333    0.44444444444444             2
   -0.16666666666667   -0.33333333333333    0.44444444444444             2
    0.00000000000000   -0.16666666666667    0.44444444444444             2
    0.16666666666667   -0.16666666666667    0.44444444444444             2
    0.33333333333333   -0.16666666666667    0.44444444444444             2
    0.50000000000000   -0.16666666666667    0.44444444444444             2
   -0.33333333333333   -0.16666666666667    0.44444444444444             2
   -0.16666666666667   -0.16666666666667    0.44444444444444             2
Tetrahedra
       972    0.00051440329218
         2         2         5         6        27
         2         1         2         5        27
         2         1         2        21        27
         2         2         6        27        28
         2         2        22        27        28
         2         2        21        22        27
         2         3         6         7        28
         2         2         3         6        28
         2         2         3        22        28
         2         3         7        28        29
         2         3        23        28        29
         2         3        22        23        28
         2         4         7         8        29
         2         3         4         7        29
         2         3         4        23        29
         2         4         8        29        30
         2         4        24        29        30
         2         4        23        24        29
         2         3         8         9        30
         2         3         4         8        30
         2         3         4        24        30
         2         3         9        30        31
         2         3        25        30        31
         2         3        24        25        30
         2         2         9        10        31
         2         2         3         9        31
         2         2         3        25        31
         2         2        10        31        32
         2         2        26        31        32
         2         2        25        26        31
         2         1         5        10        32
         2         1         2        10        32
         2         1         2        26        32
         2         1         5        27        32
         2         1        21        27        32
         2         1        21        26        32
         2         6        11        12        33
         2         5         6        11        33
         2         5         6        27        33
         2         6        12        33        34
         2         6        28        33        34
         2         6        27        28        33
         2         7        12        13        34
         2         6         7        12        34
         2         6         7        28        34
         2         7        13        34        35
         2         7        29        34        35
         2         7        28        29        34
         2         8        13        14        35
         2         7         8        13        35
         2         7         8        29        35
         2         8        14        35        36
         2         8        30        35        36
         2         8        29        30        35
         2         9        14        15        36
         2         8         9        14        36
         2         8         9        30        36
         2         9        15        36        37
         2         9        31        36        37
         2         9        30        31        36
         2        10        15        16        37
         2         9        10        15        37
         2         9        10        31        37
         2        10        16        37        38
         2        10        32        37        38
         2        10        31        32        37
         2         5        11        16        38
         2         5        10        16        38
         2         5        10        32        38
         2         5        11        33        38
         2         5        27        33        38
         2         5        27        32        38
         2        12        17        18        39
         2        11        12        17        39
         2        11        12        33        39
         2        12        18        39        40
         2        12        34        39        40
         2        12        33        34        39
         2        13        18        19        40
         2        12        13        18        40
         2        12        13        34        40
         2        13        19        40        41
         2        13        35        40        41
         2        13        34        35        40
         2        14        19        20        41
         2        13        14        19        41
         2        13        14        35        41
         2        14        20        41        42
         2        14        36        41        42
         2        14        35        36        41
         2        15        19        20        42
         2        14        15        20        42
         2        14        15        36        42
         2        15        19        42        43
         2        15        37        42        43
         2        15        36        37        42
         2        16        18        19        43
         2        15        16        19        43
         2        15        16        37        43
         2        16        18        43        44
         2        16        38        43        44
         2        16        37        38        43
         2        11        17        18        44
         2        11        16        18        44
         2        11        16        38        44
         2        11        17        39        44
         2        11        33        39        44
         2        11        33        38        44
         2        11        16        18        45
         2        11        17        18        45
         2        17        18        39        45
         2        16        18        45        46
         2        18        40        45        46
         2        18        39        40        45
         2        15        16        19        46
         2        16        18        19        46
         2        18        19        40        46
         2        15        19        46        47
         2        19        41        46        47
         2        19        40        41        46
         2        14        15        20        47
         2        15        19        20        47
         2        19        20        41        47
         2        14        20        47        48
         2        20        42        47        48
         2        20        41        42        47
         2        13        14        19        48
         2        14        19        20        48
         2        19        20        42        48
         2        13        19        48        49
         2        19        43        48        49
         2        19        42        43        48
         2        12        13        18        49
         2        13        18        19        49
         2        18        19        43        49
         2        12        18        49        50
         2        18        44        49        50
         2        18        43        44        49
         2        11        12        17        50
         2        12        17        18        50
         2        17        18        44        50
         2        11        17        45        50
         2        17        39        45        50
         2        17        39        44        50
         2         5        10        16        51
         2         5        11        16        51
         2        11        16        45        51
         2        10        16        51        52
         2        16        46        51        52
         2        16        45        46        51
         2         9        10        15        52
         2        10        15        16        52
         2        15        16        46        52
         2         9        15        52        53
         2        15        47        52        53
         2        15        46        47        52
         2         8         9        14        53
         2         9        14        15        53
         2        14        15        47        53
         2         8        14        53        54
         2        14        48        53        54
         2        14        47        48        53
         2         7         8        13        54
         2         8        13        14        54
         2        13        14        48        54
         2         7        13        54        55
         2        13        49        54        55
         2        13        48        49        54
         2         6         7        12        55
         2         7        12        13        55
         2        12        13        49        55
         2         6        12        55        56
         2        12        50        55        56
         2        12        49        50        55
         2         5         6        11        56
         2         6        11        12        56
         2        11        12        50        56
         2         5        11        51        56
         2        11        45        51        56
         2        11        45        50        56
         2         1         2        10        21
         2         1         5        10        21
         2         5        10        21        51
         2         2        10        21        22
         2        10        21        22        52
         2        10        21        51        52
         2         2         3         9        22
         2         2         9        10        22
         2         9        10        22        52
         2         3         9        22        23
         2         9        22        23        53
         2         9        22        52        53
         2         3         4         8        23
         2         3         8         9        23
         2         8         9        23        53
         2         4         8        23        24
         2         8        23        24        54
         2         8        23        53        54
         2         3         4         7        24
         2         4         7         8        24
         2         7         8        24        54
         2         3         7        24        25
         2         7        24        25        55
         2         7        24        54        55
         2         2         3         6        25
         2         3         6         7        25
         2         6         7        25        55
         2         2         6        25        26
         2         6        25        26        56
         2         6        25        55        56
         2         1         2         5        26
         2         2         5         6        26
         2         5         6        26        56
         2         1         5        21        26
         2         5        21        26        51
         2         5        26        51        56
         2        22        27        28        63
         2        21        22        27        63
         2        21        22        57        63
         2        22        28        63        64
         2        22        58        63        64
         2        22        57        58        63
         2        23        28        29        64
         2        22        23        28        64
         2        22        23        58        64
         2        23        29        64        65
         2        23        59        64        65
         2        23        58        59        64
         2        24        29        30        65
         2        23        24        29        65
         2        23        24        59        65
         2        24        30        65        66
         2        24        60        65        66
         2        24        59        60        65
         2        25        30        31        66
         2        24        25        30        66
         2        24        25        60        66
         2        25        31        66        67
         2        25        61        66        67
         2        25        60        61        66
         2        26        31        32        67
         2        25        26        31        67
         2        25        26        61        67
         2        26        32        67        68
         2        26        62        67        68
         2        26        61        62        67
         2        21        27        32        68
         2        21        26        32        68
         2        21        26        62        68
         2        21        27        63        68
         2        21        57        63        68
         2        21        57        62        68
         2        28        33        34        69
         2        27        28        33        69
         2        27        28        63        69
         2        28        34        69        70
         2        28        64        69        70
         2        28        63        64        69
         2        29        34        35        70
         2        28        29        34        70
         2        28        29        64        70
         2        29        35        70        71
         2        29        65        70        71
         2        29        64        65        70
         2        30        35        36        71
         2        29        30        35        71
         2        29        30        65        71
         2        30        36        71        72
         2        30        66        71        72
         2        30        65        66        71
         2        31        36        37        72
         2        30        31        36        72
         2        30        31        66        72
         2        31        37        72        73
         2        31        67        72        73
         2        31        66        67        72
         2        32        37        38        73
         2        31        32        37        73
         2        31        32        67        73
         2        32        38        73        74
         2        32        68        73        74
         2        32        67        68        73
         2        27        33        38        74
         2        27        32        38        74
         2        27        32        68        74
         2        27        33        69        74
         2        27        63        69        74
         2        27        63        68        74
         2        34        39        40        75
         2        33        34        39        75
         2        33        34        69        75
         2        34        40        75        76
         2        34        70        75        76
         2        34        69        70        75
         2        35        40        41        76
         2        34        35        40        76
         2        34        35        70        76
         2        35        41        76        77
         2        35        71        76        77
         2        35        70        71        76
         2        36        41        42        77
         2        35        36        41        77
         2        35        36        71        77
         2        36        42        77        78
         2        36        72        77        78
         2        36        71        72        77
         2        37        42        43        78
         2        36        37        42        78
         2        36        37        72        78
         2        37        43        78        79
         2        37        73        78        79
         2        37        72        73        78
         2        38        43        44        79
         2        37        38        43        79
         2        37        38        73        79
         2        38        44        79        80
         2        38        74        79        80
         2        38        73        74        79
         2        33        39        44        80
         2        33        38        44        80
         2        33        38        74        80
         2        33        39        75        80
         2        33        69        75        80
         2        33        69        74        80
         2        40        45        46        81
         2        39        40        45        81
         2        39        40        75        81
         2        40        46        81        82
         2        40        76        81        82
         2        40        75        76        81
         2        41        46        47        82
         2        40        41        46        82
         2        40        41        76        82
         2        41        47        82        83
         2        41        77        82        83
         2        41        76        77        82
         2        42        47        48        83
         2        41        42        47        83
         2        41        42        77        83
         2        42        48        83        84
         2        42        78        83        84
         2        42        77        78        83
         2        43        48        49        84
         2        42        43        48        84
         2        42        43        78        84
         2        43        49        84        85
         2        43        79        84        85
         2        43        78        79        84
         2        44        49        50        85
         2        43        44        49        85
         2        43        44        79        85
         2        44        50        85        86
         2        44        80        85        86
         2        44        79        80        85
         2        39        45        50        86
         2        39        44        50        86
         2        39        44        80        86
         2        39        45        81        86
         2        39        75        81        86
         2        39        75        80        86
         2        46        51        52        87
         2        45        46        51        87
         2        45        46        81        87
         2        46        52        87        88
         2        46        82        87        88
         2        46        81        82        87
         2        47        52        53        88
         2        46        47        52        88
         2        46        47        82        88
         2        47        53        88        89
         2        47        83        88        89
         2        47        82        83        88
         2        48        53        54        89
         2        47        48        53        89
         2        47        48        83        89
         2        48        54        89        90
         2        48        84        89        90
         2        48        83        84        89
         2        49        54        55        90
         2        48        49        54        90
         2        48        49        84        90
         2        49        55        90        91
         2        49        85        90        91
         2        49        84        85        90
         2        50        55        56        91
         2        49        50        55        91
         2        49        50        85        91
         2        50        56        91        92
         2        50        86        91        92
         2        50        85        86        91
         2        45        51        56        92
         2        45        50        56        92
         2        45        50        86        92
         2        45        51        87        92
         2        45        81        87        92
         2        45        81        86        92
         2        21        22        52        57
         2        21        51        52        57
         2        51        52        57        87
         2        22        52        57        58
         2        52        57        58        88
         2        52        57        87        88
         2        22        23        53        58
         2        22        52        53        58
         2        52        53        58        88
         2        23        53        58        59
         2        53        58        59        89
         2        53        58        88        89
         2        23        24        54        59
         2        23        53        54        59
         2        53        54        59        89
         2        24        54        59        60
         2        54        59        60        90
         2        54        59        89        90
         2        24        25        55        60
         2        24        54        55        60
         2        54        55        60        90
         2        25        55        60        61
         2        55        60        61        91
         2        55        60        90        91
         2        25        26        56        61
         2        25        55        56        61
         2        55        56        61        91
         2        26        56        61        62
         2        56        61        62        92
         2        56        61        91        92
         2        21        26        51        62
         2        26        51        56        62
         2        51        56        62        92
         2        21        51        57        62
         2        51        57        62        87
         2        51        62        87        92
         2        58        63        64        99
         2        57        58        63        99
         2        57        58        93        99
         2        58        64        99       100
         2        58        94        99       100
         2        58        93        94        99
         2        59        64        65       100
         2        58        59        64       100
         2        58        59        94       100
         2        59        65       100       101
         2        59        95       100       101
         2        59        94        95       100
         2        60        65        66       101
         2        59        60        65       101
         2        59        60        95       101
         2        60        66       101       102
         2        60        96       101       102
         2        60        95        96       101
         2        61        66        67       102
         2        60        61        66       102
         2        60        61        96       102
         2        61        67       102       103
         2        61        97       102       103
         2        61        96        97       102
         2        62        67        68       103
         2        61        62        67       103
         2        61        62        97       103
         2        62        68       103       104
         2        62        98       103       104
         2        62        97        98       103
         2        57        63        68       104
         2        57        62        68       104
         2        57        62        98       104
         2        57        63        99       104
         2        57        93        99       104
         2        57        93        98       104
         2        64        69        70       105
         2        63        64        69       105
         2        63        64        99       105
         2        64        70       105       106
         2        64       100       105       106
         2        64        99       100       105
         2        65        70        71       106
         2        64        65        70       106
         2        64        65       100       106
         2        65        71       106       107
         2        65       101       106       107
         2        65       100       101       106
         2        66        71        72       107
         2        65        66        71       107
         2        65        66       101       107
         2        66        72       107       108
         2        66       102       107       108
         2        66       101       102       107
         2        67        72        73       108
         2        66        67        72       108
         2        66        67       102       108
         2        67        73       108       109
         2        67       103       108       109
         2        67       102       103       108
         2        68        73        74       109
         2        67        68        73       109
         2        67        68       103       109
         2        68        74       109       110
         2        68       104       109       110
         2        68       103       104       109
         2        63        69        74       110
         2        63        68        74       110
         2        63        68       104       110
         2        63        69       105       110
         2        63        99       105       110
         2        63        99       104       110
         2        70        75        76       111
         2        69        70        75       111
         2        69        70       105       111
         2        70        76       111       112
         2        70       106       111       112
         2        70       105       106       111
         2        71        76        77       112
         2        70        71        76       112
         2        70        71       106       112
         2        71        77       112       113
         2        71       107       112       113
         2        71       106       107       112
         2        72        77        78       113
         2        71        72        77       113
         2        71        72       107       113
         2        72        78       113       114
         2        72       108       113       114
         2        72       107       108       113
         2        73        78        79       114
         2        72        73        78       114
         2        72        73       108       114
         2        73        79       114       115
         2        73       109       114       115
         2        73       108       109       114
         2        74        79        80       115
         2        73        74        79       115
         2        73        74       109       115
         2        74        80       115       116
         2        74       110       115       116
         2        74       109       110       115
         2        69        75        80       116
         2        69        74        80       116
         2        69        74       110       116
         2        69        75       111       116
         2        69       105       111       116
         2        69       105       110       116
         2        76        81        82       117
         2        75        76        81       117
         2        75        76       111       117
         2        76        82       117       118
         2        76       112       117       118
         2        76       111       112       117
         2        77        82        83       118
         2        76        77        82       118
         2        76        77       112       118
         2        77        83       118       119
         2        77       113       118       119
         2        77       112       113       118
         2        78        83        84       119
         2        77        78        83       119
         2        77        78       113       119
         2        78        84       119       120
         2        78       114       119       120
         2        78       113       114       119
         2        79        84        85       120
         2        78        79        84       120
         2        78        79       114       120
         2        79        85       120       121
         2        79       115       120       121
         2        79       114       115       120
         2        80        85        86       121
         2        79        80        85       121
         2        79        80       115       121
         2        80        86       121       122
         2        80       116       121       122
         2        80       115       116       121
         2        75        81        86       122
         2        75        80        86       122
         2        75        80       116       122
         2        75        81       117       122
         2        75       111       117       122
         2        75       111       116       122
         2        82        87        88       123
         2        81        82        87       123
         2        81        82       117       123
         2        82        88       123       124
         2        82       118       123       124
         2        82       117       118       123
         2        83        88        89       124
         2        82        83        88       124
         2        82        83       118       124
         2        83        89       124       125
         2        83       119       124       125
         2        83       118       119       124
         2        84        89        90       125
         2        83        84        89       125
         2        83        84       119       125
         2        84        90       125       126
         2        84       120       125       126
         2        84       119       120       125
         2        85        90        91       126
         2        84        85        90       126
         2        84        85       120       126
         2        85        91       126       127
         2        85       121       126       127
         2        85       120       121       126
         2        86        91        92       127
         2        85        86        91       127
         2        85        86       121       127
         2        86        92       127       128
         2        86       122       127       128
         2        86       121       122       127
         2        81        87        92       128
         2        81        86        92       128
         2        81        86       122       128
         2        81        87       123       128
         2        81       117       123       128
         2        81       117       122       128
         2        57        58        88        93
         2        57        87        88        93
         2        87        88        93       123
         2        58        88        93        94
         2        88        93        94       124
         2        88        93       123       124
         2        58        59        89        94
         2        58        88        89        94
         2        88        89        94       124
         2        59        89        94        95
         2        89        94        95       125
         2        89        94       124       125
         2        59        60        90        95
         2        59        89        90        95
         2        89        90        95       125
         2        60        90        95        96
         2        90        95        96       126
         2        90        95       125       126
         2        60        61        91        96
         2        60        90        91        96
         2        90        91        96       126
         2        61        91        96        97
         2        91        96        97       127
         2        91        96       126       127
         2        61        62        92        97
         2        61        91        92        97
         2        91        92        97       127
         2        62        92        97        98
         2        92        97        98       128
         2        92        97       127       128
         2        57        62        87        98
         2        62        87        92        98
         2        87        92        98       128
         2        57        87        93        98
         2        87        93        98       123
         2        87        98       123       128
         2        94        99       100       135
         2        93        94        99       135
         2        93        94       129       135
         2        94       100       135       136
         2        94       130       135       136
         2        94       129       130       135
         2        95       100       101       136
         2        94        95       100       136
         2        94        95       130       136
         2        95       101       136       137
         2        95       131       136       137
         2        95       130       131       136
         2        96       101       102       137
         2        95        96       101       137
         2        95        96       131       137
         2        96       102       137       138
         2        96       132       137       138
         2        96       131       132       137
         2        97       102       103       138
         2        96        97       102       138
         2        96        97       132       138
         2        97       103       138       139
         2        97       133       138       139
         2        97       132       133       138
         2        98       103       104       139
         2        97        98       103       139
         2        97        98       133       139
         2        98       104       139       140
         2        98       134       139       140
         2        98       133       134       139
         2        93        99       104       140
         2        93        98       104       140
         2        93        98       134       140
         2        93        99       135       140
         2        93       129       135       140
         2        93       129       134       140
         2       100       105       106       141
         2        99       100       105       141
         2        99       100       135       141
         2       100       106       141       142
         2       100       136       141       142
         2       100       135       136       141
         2       101       106       107       142
         2       100       101       106       142
         2       100       101       136       142
         2       101       107       142       143
         2       101       137       142       143
         2       101       136       137       142
         2       102       107       108       143
         2       101       102       107       143
         2       101       102       137       143
         2       102       108       143       144
         2       102       138       143       144
         2       102       137       138       143
         2       103       108       109       144
         2       102       103       108       144
         2       102       103       138       144
         2       103       109       144       145
         2       103       139       144       145
         2       103       138       139       144
         2       104       109       110       145
         2       103       104       109       145
         2       103       104       139       145
         2       104       110       145       146
         2       104       140       145       146
         2       104       139       140       145
         2        99       105       110       146
         2        99       104       110       146
         2        99       104       140       146
         2        99       105       141       146
         2        99       135       141       146
         2        99       135       140       146
         2       106       111       112       147
         2       105       106       111       147
         2       105       106       141       147
         2       106       112       147       148
         2       106       142       147       148
         2       106       141       142       147
         2       107       112       113       148
         2       106       107       112       148
         2       106       107       142       148
         2       107       113       148       149
         2       107       143       148       149
         2       107       142       143       148
         2       108       113       114       149
         2       107       108       113       149
         2       107       108       143       149
         2       108       114       149       150
         2       108       144       149       150
         2       108       143       144       149
         2       109       114       115       150
         2       108       109       114       150
         2       108       109       144       150
         2       109       115       150       151
         2       109       145       150       151
         2       109       144       145       150
         2       110       115       116       151
         2       109       110       115       151
         2       109       110       145       151
         2       110       116       151       152
         2       110       146       151       152
         2       110       145       146       151
         2       105       111       116       152
         2       105       110       116       152
         2       105       110       146       152
         2       105       111       147       152
         2       105       141       147       152
         2       105       141       146       152
         2       112       117       118       153
         2       111       112       117       153
         2       111       112       147       153
         2       112       118       153       154
         2       112       148       153       154
         2       112       147       148       153
         2       113       118       119       154
         2       112       113       118       154
         2       112       113       148       154
         2       113       119       154       155
         2       113       149       154       155
         2       113       148       149       154
         2       114       119       120       155
         2       113       114       119       155
         2       113       114       149       155
         2       114       120       155       156
         2       114       150       155       156
         2       114       149       150       155
         2       115       120       121       156
         2       114       115       120       156
         2       114       115       150       156
         2       115       121       156       157
         2       115       151       156       157
         2       115       150       151       156
         2       116       121       122       157
         2       115       116       121       157
         2       115       116       151       157
         2       116       122       157       158
         2       116       152       157       158
         2       116       151       152       157
         2       111       117       122       158
         2       111       116       122       158
         2       111       116       152       158
         2       111       117       153       158
         2       111       147       153       158
         2       111       147       152       158
         2       118       123       124       159
         2       117       118       123       159
         2       117       118       153       159
         2       118       124       159       160
         2       118       154       159       160
         2       118       153       154       159
         2       119       124       125       160
         2       118       119       124       160
         2       118       119       154       160
         2       119       125       160       161
         2       119       155       160       161
         2       119       154       155       160
         2       120       125       126       161
         2       119       120       125       161
         2       119       120       155       161
         2       120       126       161       162
         2       120       156       161       162
         2       120       155       156       161
         2       121       126       127       162
         2       120       121       126       162
         2       120       121       156       162
         2       121       127       162       163
         2       121       157       162       163
         2       121       156       157       162
         2       122       127       128       163
         2       121       122       127       163
         2       121       122       157       163
         2       122       128       163       164
         2       122       158       163       164
         2       122       157       158       163
         2       117       123       128       164
         2       117       122       128       164
         2       117       122       158       164
         2       117       123       159       164
         2       117       153       159       164
         2       117       153       158       164
         2        93        94       124       129
         2        93       123       124       129
         2       123       124       129       159
         2        94       124       129       130
         2       124       129       130       160
         2       124       129       159       160
         2        94        95       125       130
         2        94       124       125       130
         2       124       125       130       160
         2        95       125       130       131
         2       125       130       131       161
         2       125       130       160       161
         2        95        96       126       131
         2        95       125       126       131
         2       125       126       131       161
         2        96       126       131       132
         2       126       131       132       162
         2       126       131       161       162
         2        96        97       127       132
         2        96       126       127       132
         2       126       127       132       162
         2        97       127       132       133
         2       127       132       133       163
         2       127       132       162       163
         2        97        98       128       133
         2        97       127       128       133
         2       127       128       133       163
         2        98       128       133       134
         2       128       133       134       164
         2       128       133       163       164
         2        93        98       123       134
         2        98       123       128       134
         2       123       128       134       164
         2        93       123       129       134
         2       123       129       134       159
         2       123       134       159       164
         2       130       135       136       159
         2       129       130       135       159
         2       129       129       130       159
         2       130       136       159       164
         2       130       134       159       164
         2       129       130       134       159
         2       131       136       137       164
         2       130       131       136       164
         2       130       131       134       164
         2       131       137       163       164
         2       131       133       163       164
         2       131       133       134       164
         2       132       137       138       163
         2       131       132       137       163
         2       131       132       133       163
         2       132       138       162       163
         2       132       132       162       163
         2       132       132       133       163
         2       133       138       139       162
         2       132       133       138       162
         2       132       132       133       162
         2       133       139       161       162
         2       131       133       161       162
         2       131       132       133       162
         2       134       139       140       161
         2       133       134       139       161
         2       131       133       134       161
         2       134       140       160       161
         2       130       134       160       161
         2       130       131       134       161
         2       129       135       140       160
         2       129       134       140       160
         2       129       130       134       160
         2       129       135       159       160
         2       129       129       159       160
         2       129       129       130       160
         2       136       141       142       153
         2       135       136       141       153
         2       135       136       153       159
         2       136       142       153       158
         2       136       153       158       164
         2       136       153       159       164
         2       137       142       143       158
         2       136       137       142       158
         2       136       137       158       164
         2       137       143       157       158
         2       137       157       158       163
         2       137       158       163       164
         2       138       143       144       157
         2       137       138       143       157
         2       137       138       157       163
         2       138       144       156       157
         2       138       156       157       162
         2       138       157       162       163
         2       139       144       145       156
         2       138       139       144       156
         2       138       139       156       162
         2       139       145       155       156
         2       139       155       156       161
         2       139       156       161       162
         2       140       145       146       155
         2       139       140       145       155
         2       139       140       155       161
         2       140       146       154       155
         2       140       154       155       160
         2       140       155       160       161
         2       135       141       146       154
         2       135       140       146       154
         2       135       140       154       160
         2       135       141       153       154
         2       135       153       154       159
         2       135       154       159       160
         2       142       147       147       148
         2       141       142       147       147
         2       141       142       147       153
         2       142       147       148       152
         2       142       147       152       158
         2       142       147       153       158
         2       143       148       149       152
         2       142       143       148       152
         2       142       143       152       158
         2       143       149       151       152
         2       143       151       152       157
         2       143       152       157       158
         2       144       149       150       151
         2       143       144       149       151
         2       143       144       151       157
         2       144       150       150       151
         2       144       150       151       156
         2       144       151       156       157
         2       145       150       150       151
         2       144       145       150       150
         2       144       145       150       156
         2       145       149       150       151
         2       145       149       150       155
         2       145       150       155       156
         2       146       149       151       152
         2       145       146       149       151
         2       145       146       149       155
         2       146       148       149       152
         2       146       148       149       154
         2       146       149       154       155
         2       141       147       148       152
         2       141       146       148       152
         2       141       146       148       154
         2       141       147       147       148
         2       141       147       148       153
         2       141       148       153       154
