Automatically generated mesh
     164
Reciprocal lattice
    0.00000000000000    0.00000000000000    0.00000000000000             1
    0.16666666666667    0.00000000000000    0.00000000000000             2
    0.33333333333333    0.00000000000000    0.00000000000000             2
    0.50000000000000   -0.00000000000000    0.00000000000000             1
    0.00000000000000    0.16666666666667    0.00000000000000             2
    0.16666666666667    0.16666666666667    0.00000000000000             2
    0.33333333333333    0.16666666666667   -0.00000000000000             2
    0.50000000000000    0.16666666666667   -0.00000000000000             2
   -0.33333333333333    0.16666666666667    0.00000000000000             2
   -0.16666666666667    0.16666666666667    0.00000000000000             2
    0.00000000000000    0.33333333333333    0.00000000000000             2
    0.16666666666667    0.33333333333333    0.00000000000000             2
    0.33333333333333    0.33333333333333    0.00000000000000             2
    0.50000000000000    0.33333333333333    0.00000000000000             2
   -0.33333333333333    0.33333333333333   -0.00000000000000             2
   -0.16666666666667    0.33333333333333    0.00000000000000             2
    0.00000000000000    0.50000000000000   -0.00000000000000             1
    0.16666666666667    0.50000000000000    0.00000000000000             2
    0.33333333333333    0.50000000000000    0.00000000000000             2
    0.50000000000000    0.50000000000000    0.00000000000000             1
    0.00000000000000    0.00000000000000    0.11111111111111             2
    0.16666666666667    0.00000000000000    0.11111111111111             2
    0.33333333333333   -0.00000000000000    0.11111111111111             2
    0.50000000000000   -0.00000000000000    0.11111111111111             2
   -0.33333333333333   -0.00000000000000    0.11111111111111             2
   -0.16666666666667   -0.00000000000000    0.11111111111111             2
    0.00000000000000    0.16666666666667    0.11111111111111             2
    0.16666666666667    0.16666666666667    0.11111111111111             2
    0.33333333333333    0.16666666666667    0.11111111111111             2
    0.50000000000000    0.16666666666667    0.11111111111111             2
   -0.33333333333333    0.16666666666667    0.11111111111111             2
   -0.16666666666667    0.16666666666667    0.11111111111111             2
    0.00000000000000    0.33333333333333    0.11111111111111             2
    0.16666666666667    0.33333333333333    0.11111111111111             2
    0.33333333333333    0.33333333333333    0.11111111111111             2
    0.50000000000000    0.33333333333333    0.11111111111111             2
   -0.33333333333333    0.33333333333333    0.11111111111111             2
   -0.16666666666667    0.33333333333333    0.11111111111111             2
    0.00000000000000    0.50000000000000    0.11111111111111             2
    0.16666666666667    0.50000000000000    0.11111111111111             2
    0.33333333333333    0.50000000000000    0.11111111111111             2
    0.50000000000000    0.50000000000000    0.11111111111111             2
   -0.33333333333333    0.50000000000000    0.11111111111111             2
   -0.16666666666667    0.50000000000000    0.11111111111111             2
   -0.00000000000000   -0.33333333333333    0.11111111111111             2
    0.16666666666667   -0.33333333333333    0.11111111111111             2
    0.33333333333333   -0.33333333333333    0.11111111111111             2
    0.50000000000000   -0.33333333333333    0.11111111111111             2
   -0.33333333333333   -0.33333333333333    0.11111111111111             2
   -0.16666666666667   -0.33333333333333    0.11111111111111             2
   -0.00000000000000   -0.16666666666667    0.11111111111111             2
    0.16666666666667   -0.16666666666667    0.11111111111111             2
    0.33333333333333   -0.16666666666667    0.11111111111111             2
    0.50000000000000   -0.16666666666667    0.11111111111111             2
   -0.33333333333333   -0.16666666666667    0.11111111111111             2
   -0.16666666666667   -0.16666666666667    0.11111111111111             2
   -0.00000000000000    0.00000000000000    0.22222222222222             2
    0.16666666666667    0.00000000000000    0.22222222222222             2
    0.33333333333333   -0.00000000000000    0.22222222222222             2
    0.50000000000000   -0.00000000000000    0.22222222222222             2
   -0.33333333333333   -0.00000000000000    0.22222222222222             2
   -0.16666666666667   -0.00000000000000    0.22222222222222             2
    0.00000000000000    0.16666666666667    0.22222222222222             2
    0.16666666666667    0.16666666666667    0.22222222222222             2
    0.33333333333333    0.16666666666667    0.22222222222222             2
    0.50000000000000    0.16666666666667    0.22222222222222             2
   -0.33333333333333    0.16666666666667    0.22222222222222             2
   -0.16666666666667    0.16666666666667    0.22222222222222             2
   -0.00000000000000    0.33333333333333    0.22222222222222             2
    0.16666666666667    0.33333333333333    0.22222222222222             2
    0.33333333333333    0.33333333333333    0.22222222222222             2
    0.50000000000000    0.33333333333333    0.22222222222222             2
   -0.33333333333333    0.33333333333333    0.22222222222222             2
   -0.16666666666667    0.33333333333333    0.22222222222222             2
    0.00000000000000    0.50000000000000    0.22222222222222             2
    0.16666666666667    0.50000000000000    0.22222222222222             2
    0.33333333333333    0.50000000000000    0.22222222222222             2
    0.50000000000000    0.50000000000000    0.22222222222222             2
   -0.33333333333333    0.50000000000000    0.22222222222222             2
   -0.16666666666667    0.50000000000000    0.22222222222222             2
   -0.00000000000000   -0.33333333333333    0.22222222222222             2
    0.16666666666667   -0.33333333333333    0.22222222222222             2
    0.33333333333333   -0.33333333333333    0.22222222222222             2
    0.50000000000000   -0.33333333333333    0.22222222222222             2
   -0.33333333333333   -0.33333333333333    0.22222222222222             2
   -0.16666666666667   -0.33333333333333    0.22222222222222             2
   -0.00000000000000   -0.16666666666667    0.22222222222222             2
    0.16666666666667   -0.16666666666667    0.22222222222222             2
    0.33333333333333   -0.16666666666667    0.22222222222222             2
    0.50000000000000   -0.16666666666667    0.22222222222222             2
   -0.33333333333333   -0.16666666666667    0.22222222222222             2
   -0.16666666666667   -0.16666666666667    0.22222222222222             2
   -0.00000000000000    0.00000000000000    0.33333333333333             2
    0.16666666666667    0.00000000000000    0.33333333333333             2
    0.33333333333333   -0.00000000000000    0.33333333333333             2
    0.50000000000000   -0.00000000000000    0.33333333333333             2
   -0.33333333333333    0.00000000000000    0.33333333333333             2
   -0.16666666666667   -0.00000000000000    0.33333333333333             2
    0.00000000000000    0.16666666666667    0.33333333333333             2
    0.16666666666667    0.16666666666667    0.33333333333333             2
    0.33333333333333    0.16666666666667    0.33333333333333             2
    0.50000000000000    0.16666666666667    0.33333333333333             2
   -0.33333333333333    0.16666666666667    0.33333333333333             2
   -0.16666666666667    0.16666666666667    0.33333333333333             2
    0.00000000000000    0.33333333333333    0.33333333333333             2
    0.16666666666667    0.33333333333333    0.33333333333333             2
    0.33333333333333    0.33333333333333    0.33333333333333             2
    0.50000000000000    0.33333333333333    0.33333333333333             2
   -0.33333333333333    0.33333333333333    0.33333333333333             2
   -0.16666666666667    0.33333333333333    0.33333333333333             2
    0.00000000000000    0.50000000000000    0.33333333333333             2
    0.16666666666667    0.50000000000000    0.33333333333333             2
    0.33333333333333    0.50000000000000    0.33333333333333             2
    0.50000000000000    0.50000000000000    0.33333333333333             2
   -0.33333333333333    0.50000000000000    0.33333333333333             2
   -0.16666666666667    0.50000000000000    0.33333333333333             2
    0.00000000000000   -0.33333333333333    0.33333333333333             2
    0.16666666666667   -0.33333333333333    0.33333333333333             2
    0.33333333333333   -0.33333333333333    0.33333333333333             2
    0.50000000000000   -0.33333333333333    0.33333333333333             2
   -0.33333333333333   -0.33333333333333    0.33333333333333             2
   -0.16666666666667   -0.33333333333333    0.33333333333333             2
   -0.00000000000000   -0.16666666666667    0.33333333333333             2
    0.16666666666667   -0.16666666666667    0.33333333333333             2
    0.33333333333333   -0.16666666666667    0.33333333333333             2
    0.50000000000000   -0.16666666666667    0.33333333333333             2
   -0.33333333333333   -0.16666666666667    0.33333333333333             2
   -0.16666666666667   -0.16666666666667    0.33333333333333             2
   -0.00000000000000    0.00000000000000    0.44444444444444             2
    0.16666666666667    0.00000000000000    0.44444444444444             2
    0.33333333333333    0.00000000000000    0.44444444444444             2
    0.50000000000000   -0.00000000000000    0.44444444444444             2
   -0.33333333333333   -0.00000000000000    0.44444444444444             2
   -0.16666666666667   -0.00000000000000    0.44444444444444             2
    0.00000000000000    0.16666666666667    0.44444444444444             2
    0.16666666666667    0.16666666666667    0.44444444444444             2
    0.33333333333333    0.16666666666667    0.44444444444444             2
    0.50000000000000    0.16666666666667    0.44444444444444             2
   -0.33333333333333    0.16666666666667    0.44444444444444             2
   -0.16666666666667    0.16666666666667    0.44444444444444             2
    0.00000000000000    0.33333333333333    0.44444444444444             2
    0.16666666666667    0.33333333333333    0.44444444444444             2
    0.33333333333333    0.33333333333333    0.44444444444444             2
    0.50000000000000    0.33333333333333    0.44444444444444             2
   -0.33333333333333    0.33333333333333    0.44444444444444             2
   -0.16666666666667    0.33333333333333    0.44444444444444             2
    0.00000000000000    0.50000000000000    0.44444444444444             2
    0.16666666666667    0.50000000000000    0.44444444444444             2
    0.33333333333333    0.50000000000000    0.44444444444444             2
    0.50000000000000    0.50000000000000    0.44444444444444             2
   -0.33333333333333    0.50000000000000    0.44444444444444             2
   -0.16666666666667    0.50000000000000    0.44444444444444             2
    0.00000000000000   -0.33333333333333    0.44444444444444             2
    0.16666666666667   -0.33333333333333    0.44444444444444             2
    0.33333333333333   -0.33333333333333    0.44444444444444             2
    0.50000000000000   -0.33333333333333    0.44444444444444             2
   -0.33333333333333   -0.33333333333333    0.44444444444444             2
   -0.16666666666667   -0.33333333333333    0.44444444444444             2
    0.00000000000000   -0.16666666666667    0.44444444444444             2
    0.16666666666667   -0.16666666666667    0.44444444444444             2
    0.33333333333333   -0.16666666666667    0.44444444444444             2
    0.50000000000000   -0.16666666666667    0.44444444444444             2
   -0.33333333333333   -0.16666666666667    0.44444444444444             2
   -0.16666666666667   -0.16666666666667    0.44444444444444             2
Tetrahedra
       972    0.00051440329218
         2         1         2         6        21
         2         1         5         6        21
         2         5         6        21        27
         2         2         6        21        22
         2         6        21        22        28
         2         6        21        27        28
         2         2         3         7        22
         2         2         6         7        22
         2         6         7        22        28
         2         3         7        22        23
         2         7        22        23        29
         2         7        22        28        29
         2         3         4         8        23
         2         3         7         8        23
         2         7         8        23        29
         2         4         8        23        24
         2         8        23        24        30
         2         8        23        29        30
         2         3         4         9        24
         2         4         8         9        24
         2         8         9        24        30
         2         3         9        24        25
         2         9        24        25        31
         2         9        24        30        31
         2         2         3        10        25
         2         3         9        10        25
         2         9        10        25        31
         2         2        10        25        26
         2        10        25        26        32
         2        10        25        31        32
         2         1         2         5        26
         2         2         5        10        26
         2         5        10        26        32
         2         1         5        21        26
         2         5        21        26        27
         2         5        26        27        32
         2         5         6        12        27
         2         5        11        12        27
         2        11        12        27        33
         2         6        12        27        28
         2        12        27        28        34
         2        12        27        33        34
         2         6         7        13        28
         2         6        12        13        28
         2        12        13        28        34
         2         7        13        28        29
         2        13        28        29        35
         2        13        28        34        35
         2         7         8        14        29
         2         7        13        14        29
         2        13        14        29        35
         2         8        14        29        30
         2        14        29        30        36
         2        14        29        35        36
         2         8         9        15        30
         2         8        14        15        30
         2        14        15        30        36
         2         9        15        30        31
         2        15        30        31        37
         2        15        30        36        37
         2         9        10        16        31
         2         9        15        16        31
         2        15        16        31        37
         2        10        16        31        32
         2        16        31        32        38
         2        16        31        37        38
         2         5        10        11        32
         2        10        11        16        32
         2        11        16        32        38
         2         5        11        27        32
         2        11        27        32        33
         2        11        32        33        38
         2        11        12        18        33
         2        11        17        18        33
         2        17        18        33        39
         2        12        18        33        34
         2        18        33        34        40
         2        18        33        39        40
         2        12        13        19        34
         2        12        18        19        34
         2        18        19        34        40
         2        13        19        34        35
         2        19        34        35        41
         2        19        34        40        41
         2        13        14        20        35
         2        13        19        20        35
         2        19        20        35        41
         2        14        20        35        36
         2        20        35        36        42
         2        20        35        41        42
         2        14        15        19        36
         2        14        19        20        36
         2        19        20        36        42
         2        15        19        36        37
         2        19        36        37        43
         2        19        36        42        43
         2        15        16        18        37
         2        15        18        19        37
         2        18        19        37        43
         2        16        18        37        38
         2        18        37        38        44
         2        18        37        43        44
         2        11        16        17        38
         2        16        17        18        38
         2        17        18        38        44
         2        11        17        33        38
         2        17        33        38        39
         2        17        38        39        44
         2        16        17        18        39
         2        11        16        17        39
         2        11        16        39        45
         2        16        18        39        40
         2        16        39        40        46
         2        16        39        45        46
         2        15        18        19        40
         2        15        16        18        40
         2        15        16        40        46
         2        15        19        40        41
         2        15        40        41        47
         2        15        40        46        47
         2        14        19        20        41
         2        14        15        19        41
         2        14        15        41        47
         2        14        20        41        42
         2        14        41        42        48
         2        14        41        47        48
         2        13        19        20        42
         2        13        14        20        42
         2        13        14        42        48
         2        13        19        42        43
         2        13        42        43        49
         2        13        42        48        49
         2        12        18        19        43
         2        12        13        19        43
         2        12        13        43        49
         2        12        18        43        44
         2        12        43        44        50
         2        12        43        49        50
         2        11        17        18        44
         2        11        12        18        44
         2        11        12        44        50
         2        11        17        39        44
         2        11        39        44        45
         2        11        44        45        50
         2        10        11        16        45
         2         5        10        11        45
         2         5        10        45        51
         2        10        16        45        46
         2        10        45        46        52
         2        10        45        51        52
         2         9        15        16        46
         2         9        10        16        46
         2         9        10        46        52
         2         9        15        46        47
         2         9        46        47        53
         2         9        46        52        53
         2         8        14        15        47
         2         8         9        15        47
         2         8         9        47        53
         2         8        14        47        48
         2         8        47        48        54
         2         8        47        53        54
         2         7        13        14        48
         2         7         8        14        48
         2         7         8        48        54
         2         7        13        48        49
         2         7        48        49        55
         2         7        48        54        55
         2         6        12        13        49
         2         6         7        13        49
         2         6         7        49        55
         2         6        12        49        50
         2         6        49        50        56
         2         6        49        55        56
         2         5        11        12        50
         2         5         6        12        50
         2         5         6        50        56
         2         5        11        45        50
         2         5        45        50        51
         2         5        50        51        56
         2         2         5        10        51
         2         1         2         5        51
         2         1         2        21        51
         2         2        10        51        52
         2         2        22        51        52
         2         2        21        22        51
         2         3         9        10        52
         2         2         3        10        52
         2         2         3        22        52
         2         3         9        52        53
         2         3        23        52        53
         2         3        22        23        52
         2         4         8         9        53
         2         3         4         9        53
         2         3         4        23        53
         2         4         8        53        54
         2         4        24        53        54
         2         4        23        24        53
         2         3         7         8        54
         2         3         4         8        54
         2         3         4        24        54
         2         3         7        54        55
         2         3        25        54        55
         2         3        24        25        54
         2         2         6         7        55
         2         2         3         7        55
         2         2         3        25        55
         2         2         6        55        56
         2         2        26        55        56
         2         2        25        26        55
         2         1         5         6        56
         2         1         2         6        56
         2         1         2        26        56
         2         1         5        51        56
         2         1        21        51        56
         2         1        21        26        56
         2        21        22        28        57
         2        21        27        28        57
         2        27        28        57        63
         2        22        28        57        58
         2        28        57        58        64
         2        28        57        63        64
         2        22        23        29        58
         2        22        28        29        58
         2        28        29        58        64
         2        23        29        58        59
         2        29        58        59        65
         2        29        58        64        65
         2        23        24        30        59
         2        23        29        30        59
         2        29        30        59        65
         2        24        30        59        60
         2        30        59        60        66
         2        30        59        65        66
         2        24        25        31        60
         2        24        30        31        60
         2        30        31        60        66
         2        25        31        60        61
         2        31        60        61        67
         2        31        60        66        67
         2        25        26        32        61
         2        25        31        32        61
         2        31        32        61        67
         2        26        32        61        62
         2        32        61        62        68
         2        32        61        67        68
         2        21        26        27        62
         2        26        27        32        62
         2        27        32        62        68
         2        21        27        57        62
         2        27        57        62        63
         2        27        62        63        68
         2        27        28        34        63
         2        27        33        34        63
         2        33        34        63        69
         2        28        34        63        64
         2        34        63        64        70
         2        34        63        69        70
         2        28        29        35        64
         2        28        34        35        64
         2        34        35        64        70
         2        29        35        64        65
         2        35        64        65        71
         2        35        64        70        71
         2        29        30        36        65
         2        29        35        36        65
         2        35        36        65        71
         2        30        36        65        66
         2        36        65        66        72
         2        36        65        71        72
         2        30        31        37        66
         2        30        36        37        66
         2        36        37        66        72
         2        31        37        66        67
         2        37        66        67        73
         2        37        66        72        73
         2        31        32        38        67
         2        31        37        38        67
         2        37        38        67        73
         2        32        38        67        68
         2        38        67        68        74
         2        38        67        73        74
         2        27        32        33        68
         2        32        33        38        68
         2        33        38        68        74
         2        27        33        63        68
         2        33        63        68        69
         2        33        68        69        74
         2        33        34        40        69
         2        33        39        40        69
         2        39        40        69        75
         2        34        40        69        70
         2        40        69        70        76
         2        40        69        75        76
         2        34        35        41        70
         2        34        40        41        70
         2        40        41        70        76
         2        35        41        70        71
         2        41        70        71        77
         2        41        70        76        77
         2        35        36        42        71
         2        35        41        42        71
         2        41        42        71        77
         2        36        42        71        72
         2        42        71        72        78
         2        42        71        77        78
         2        36        37        43        72
         2        36        42        43        72
         2        42        43        72        78
         2        37        43        72        73
         2        43        72        73        79
         2        43        72        78        79
         2        37        38        44        73
         2        37        43        44        73
         2        43        44        73        79
         2        38        44        73        74
         2        44        73        74        80
         2        44        73        79        80
         2        33        38        39        74
         2        38        39        44        74
         2        39        44        74        80
         2        33        39        69        74
         2        39        69        74        75
         2        39        74        75        80
         2        39        40        46        75
         2        39        45        46        75
         2        45        46        75        81
         2        40        46        75        76
         2        46        75        76        82
         2        46        75        81        82
         2        40        41        47        76
         2        40        46        47        76
         2        46        47        76        82
         2        41        47        76        77
         2        47        76        77        83
         2        47        76        82        83
         2        41        42        48        77
         2        41        47        48        77
         2        47        48        77        83
         2        42        48        77        78
         2        48        77        78        84
         2        48        77        83        84
         2        42        43        49        78
         2        42        48        49        78
         2        48        49        78        84
         2        43        49        78        79
         2        49        78        79        85
         2        49        78        84        85
         2        43        44        50        79
         2        43        49        50        79
         2        49        50        79        85
         2        44        50        79        80
         2        50        79        80        86
         2        50        79        85        86
         2        39        44        45        80
         2        44        45        50        80
         2        45        50        80        86
         2        39        45        75        80
         2        45        75        80        81
         2        45        80        81        86
         2        45        46        52        81
         2        45        51        52        81
         2        51        52        81        87
         2        46        52        81        82
         2        52        81        82        88
         2        52        81        87        88
         2        46        47        53        82
         2        46        52        53        82
         2        52        53        82        88
         2        47        53        82        83
         2        53        82        83        89
         2        53        82        88        89
         2        47        48        54        83
         2        47        53        54        83
         2        53        54        83        89
         2        48        54        83        84
         2        54        83        84        90
         2        54        83        89        90
         2        48        49        55        84
         2        48        54        55        84
         2        54        55        84        90
         2        49        55        84        85
         2        55        84        85        91
         2        55        84        90        91
         2        49        50        56        85
         2        49        55        56        85
         2        55        56        85        91
         2        50        56        85        86
         2        56        85        86        92
         2        56        85        91        92
         2        45        50        51        86
         2        50        51        56        86
         2        51        56        86        92
         2        45        51        81        86
         2        51        81        86        87
         2        51        86        87        92
         2        22        51        52        87
         2        21        22        51        87
         2        21        22        57        87
         2        22        52        87        88
         2        22        58        87        88
         2        22        57        58        87
         2        23        52        53        88
         2        22        23        52        88
         2        22        23        58        88
         2        23        53        88        89
         2        23        59        88        89
         2        23        58        59        88
         2        24        53        54        89
         2        23        24        53        89
         2        23        24        59        89
         2        24        54        89        90
         2        24        60        89        90
         2        24        59        60        89
         2        25        54        55        90
         2        24        25        54        90
         2        24        25        60        90
         2        25        55        90        91
         2        25        61        90        91
         2        25        60        61        90
         2        26        55        56        91
         2        25        26        55        91
         2        25        26        61        91
         2        26        56        91        92
         2        26        62        91        92
         2        26        61        62        91
         2        21        51        56        92
         2        21        26        56        92
         2        21        26        62        92
         2        21        51        87        92
         2        21        57        87        92
         2        21        57        62        92
         2        57        58        64        93
         2        57        63        64        93
         2        63        64        93        99
         2        58        64        93        94
         2        64        93        94       100
         2        64        93        99       100
         2        58        59        65        94
         2        58        64        65        94
         2        64        65        94       100
         2        59        65        94        95
         2        65        94        95       101
         2        65        94       100       101
         2        59        60        66        95
         2        59        65        66        95
         2        65        66        95       101
         2        60        66        95        96
         2        66        95        96       102
         2        66        95       101       102
         2        60        61        67        96
         2        60        66        67        96
         2        66        67        96       102
         2        61        67        96        97
         2        67        96        97       103
         2        67        96       102       103
         2        61        62        68        97
         2        61        67        68        97
         2        67        68        97       103
         2        62        68        97        98
         2        68        97        98       104
         2        68        97       103       104
         2        57        62        63        98
         2        62        63        68        98
         2        63        68        98       104
         2        57        63        93        98
         2        63        93        98        99
         2        63        98        99       104
         2        63        64        70        99
         2        63        69        70        99
         2        69        70        99       105
         2        64        70        99       100
         2        70        99       100       106
         2        70        99       105       106
         2        64        65        71       100
         2        64        70        71       100
         2        70        71       100       106
         2        65        71       100       101
         2        71       100       101       107
         2        71       100       106       107
         2        65        66        72       101
         2        65        71        72       101
         2        71        72       101       107
         2        66        72       101       102
         2        72       101       102       108
         2        72       101       107       108
         2        66        67        73       102
         2        66        72        73       102
         2        72        73       102       108
         2        67        73       102       103
         2        73       102       103       109
         2        73       102       108       109
         2        67        68        74       103
         2        67        73        74       103
         2        73        74       103       109
         2        68        74       103       104
         2        74       103       104       110
         2        74       103       109       110
         2        63        68        69       104
         2        68        69        74       104
         2        69        74       104       110
         2        63        69        99       104
         2        69        99       104       105
         2        69       104       105       110
         2        69        70        76       105
         2        69        75        76       105
         2        75        76       105       111
         2        70        76       105       106
         2        76       105       106       112
         2        76       105       111       112
         2        70        71        77       106
         2        70        76        77       106
         2        76        77       106       112
         2        71        77       106       107
         2        77       106       107       113
         2        77       106       112       113
         2        71        72        78       107
         2        71        77        78       107
         2        77        78       107       113
         2        72        78       107       108
         2        78       107       108       114
         2        78       107       113       114
         2        72        73        79       108
         2        72        78        79       108
         2        78        79       108       114
         2        73        79       108       109
         2        79       108       109       115
         2        79       108       114       115
         2        73        74        80       109
         2        73        79        80       109
         2        79        80       109       115
         2        74        80       109       110
         2        80       109       110       116
         2        80       109       115       116
         2        69        74        75       110
         2        74        75        80       110
         2        75        80       110       116
         2        69        75       105       110
         2        75       105       110       111
         2        75       110       111       116
         2        75        76        82       111
         2        75        81        82       111
         2        81        82       111       117
         2        76        82       111       112
         2        82       111       112       118
         2        82       111       117       118
         2        76        77        83       112
         2        76        82        83       112
         2        82        83       112       118
         2        77        83       112       113
         2        83       112       113       119
         2        83       112       118       119
         2        77        78        84       113
         2        77        83        84       113
         2        83        84       113       119
         2        78        84       113       114
         2        84       113       114       120
         2        84       113       119       120
         2        78        79        85       114
         2        78        84        85       114
         2        84        85       114       120
         2        79        85       114       115
         2        85       114       115       121
         2        85       114       120       121
         2        79        80        86       115
         2        79        85        86       115
         2        85        86       115       121
         2        80        86       115       116
         2        86       115       116       122
         2        86       115       121       122
         2        75        80        81       116
         2        80        81        86       116
         2        81        86       116       122
         2        75        81       111       116
         2        81       111       116       117
         2        81       116       117       122
         2        81        82        88       117
         2        81        87        88       117
         2        87        88       117       123
         2        82        88       117       118
         2        88       117       118       124
         2        88       117       123       124
         2        82        83        89       118
         2        82        88        89       118
         2        88        89       118       124
         2        83        89       118       119
         2        89       118       119       125
         2        89       118       124       125
         2        83        84        90       119
         2        83        89        90       119
         2        89        90       119       125
         2        84        90       119       120
         2        90       119       120       126
         2        90       119       125       126
         2        84        85        91       120
         2        84        90        91       120
         2        90        91       120       126
         2        85        91       120       121
         2        91       120       121       127
         2        91       120       126       127
         2        85        86        92       121
         2        85        91        92       121
         2        91        92       121       127
         2        86        92       121       122
         2        92       121       122       128
         2        92       121       127       128
         2        81        86        87       122
         2        86        87        92       122
         2        87        92       122       128
         2        81        87       117       122
         2        87       117       122       123
         2        87       122       123       128
         2        58        87        88       123
         2        57        58        87       123
         2        57        58        93       123
         2        58        88       123       124
         2        58        94       123       124
         2        58        93        94       123
         2        59        88        89       124
         2        58        59        88       124
         2        58        59        94       124
         2        59        89       124       125
         2        59        95       124       125
         2        59        94        95       124
         2        60        89        90       125
         2        59        60        89       125
         2        59        60        95       125
         2        60        90       125       126
         2        60        96       125       126
         2        60        95        96       125
         2        61        90        91       126
         2        60        61        90       126
         2        60        61        96       126
         2        61        91       126       127
         2        61        97       126       127
         2        61        96        97       126
         2        62        91        92       127
         2        61        62        91       127
         2        61        62        97       127
         2        62        92       127       128
         2        62        98       127       128
         2        62        97        98       127
         2        57        87        92       128
         2        57        62        92       128
         2        57        62        98       128
         2        57        87       123       128
         2        57        93       123       128
         2        57        93        98       128
         2        93        94       100       129
         2        93        99       100       129
         2        99       100       129       135
         2        94       100       129       130
         2       100       129       130       136
         2       100       129       135       136
         2        94        95       101       130
         2        94       100       101       130
         2       100       101       130       136
         2        95       101       130       131
         2       101       130       131       137
         2       101       130       136       137
         2        95        96       102       131
         2        95       101       102       131
         2       101       102       131       137
         2        96       102       131       132
         2       102       131       132       138
         2       102       131       137       138
         2        96        97       103       132
         2        96       102       103       132
         2       102       103       132       138
         2        97       103       132       133
         2       103       132       133       139
         2       103       132       138       139
         2        97        98       104       133
         2        97       103       104       133
         2       103       104       133       139
         2        98       104       133       134
         2       104       133       134       140
         2       104       133       139       140
         2        93        98        99       134
         2        98        99       104       134
         2        99       104       134       140
         2        93        99       129       134
         2        99       129       134       135
         2        99       134       135       140
         2        99       100       106       135
         2        99       105       106       135
         2       105       106       135       141
         2       100       106       135       136
         2       106       135       136       142
         2       106       135       141       142
         2       100       101       107       136
         2       100       106       107       136
         2       106       107       136       142
         2       101       107       136       137
         2       107       136       137       143
         2       107       136       142       143
         2       101       102       108       137
         2       101       107       108       137
         2       107       108       137       143
         2       102       108       137       138
         2       108       137       138       144
         2       108       137       143       144
         2       102       103       109       138
         2       102       108       109       138
         2       108       109       138       144
         2       103       109       138       139
         2       109       138       139       145
         2       109       138       144       145
         2       103       104       110       139
         2       103       109       110       139
         2       109       110       139       145
         2       104       110       139       140
         2       110       139       140       146
         2       110       139       145       146
         2        99       104       105       140
         2       104       105       110       140
         2       105       110       140       146
         2        99       105       135       140
         2       105       135       140       141
         2       105       140       141       146
         2       105       106       112       141
         2       105       111       112       141
         2       111       112       141       147
         2       106       112       141       142
         2       112       141       142       148
         2       112       141       147       148
         2       106       107       113       142
         2       106       112       113       142
         2       112       113       142       148
         2       107       113       142       143
         2       113       142       143       149
         2       113       142       148       149
         2       107       108       114       143
         2       107       113       114       143
         2       113       114       143       149
         2       108       114       143       144
         2       114       143       144       150
         2       114       143       149       150
         2       108       109       115       144
         2       108       114       115       144
         2       114       115       144       150
         2       109       115       144       145
         2       115       144       145       151
         2       115       144       150       151
         2       109       110       116       145
         2       109       115       116       145
         2       115       116       145       151
         2       110       116       145       146
         2       116       145       146       152
         2       116       145       151       152
         2       105       110       111       146
         2       110       111       116       146
         2       111       116       146       152
         2       105       111       141       146
         2       111       141       146       147
         2       111       146       147       152
         2       111       112       118       147
         2       111       117       118       147
         2       117       118       147       153
         2       112       118       147       148
         2       118       147       148       154
         2       118       147       153       154
         2       112       113       119       148
         2       112       118       119       148
         2       118       119       148       154
         2       113       119       148       149
         2       119       148       149       155
         2       119       148       154       155
         2       113       114       120       149
         2       113       119       120       149
         2       119       120       149       155
         2       114       120       149       150
         2       120       149       150       156
         2       120       149       155       156
         2       114       115       121       150
         2       114       120       121       150
         2       120       121       150       156
         2       115       121       150       151
         2       121       150       151       157
         2       121       150       156       157
         2       115       116       122       151
         2       115       121       122       151
         2       121       122       151       157
         2       116       122       151       152
         2       122       151       152       158
         2       122       151       157       158
         2       111       116       117       152
         2       116       117       122       152
         2       117       122       152       158
         2       111       117       147       152
         2       117       147       152       153
         2       117       152       153       158
         2       117       118       124       153
         2       117       123       124       153
         2       123       124       153       159
         2       118       124       153       154
         2       124       153       154       160
         2       124       153       159       160
         2       118       119       125       154
         2       118       124       125       154
         2       124       125       154       160
         2       119       125       154       155
         2       125       154       155       161
         2       125       154       160       161
         2       119       120       126       155
         2       119       125       126       155
         2       125       126       155       161
         2       120       126       155       156
         2       126       155       156       162
         2       126       155       161       162
         2       120       121       127       156
         2       120       126       127       156
         2       126       127       156       162
         2       121       127       156       157
         2       127       156       157       163
         2       127       156       162       163
         2       121       122       128       157
         2       121       127       128       157
         2       127       128       157       163
         2       122       128       157       158
         2       128       157       158       164
         2       128       157       163       164
         2       117       122       123       158
         2       122       123       128       158
         2       123       128       158       164
         2       117       123       153       158
         2       123       153       158       159
         2       123       158       159       164
         2        94       123       124       159
         2        93        94       123       159
         2        93        94       129       159
         2        94       124       159       160
         2        94       130       159       160
         2        94       129       130       159
         2        95       124       125       160
         2        94        95       124       160
         2        94        95       130       160
         2        95       125       160       161
         2        95       131       160       161
         2        95       130       131       160
         2        96       125       126       161
         2        95        96       125       161
         2        95        96       131       161
         2        96       126       161       162
         2        96       132       161       162
         2        96       131       132       161
         2        97       126       127       162
         2        96        97       126       162
         2        96        97       132       162
         2        97       127       162       163
         2        97       133       162       163
         2        97       132       133       162
         2        98       127       128       163
         2        97        98       127       163
         2        97        98       133       163
         2        98       128       163       164
         2        98       134       163       164
         2        98       133       134       163
         2        93       123       128       164
         2        93        98       128       164
         2        93        98       134       164
         2        93       123       159       164
         2        93       129       159       164
         2        93       129       134       164
         2       129       129       130       136
         2       129       129       135       136
         2       129       135       136       159
         2       129       130       134       136
         2       129       134       136       164
         2       129       136       159       164
         2       130       131       134       137
         2       130       134       136       137
         2       134       136       137       164
         2       131       133       134       137
         2       133       134       137       163
         2       134       137       163       164
         2       131       132       133       138
         2       131       133       137       138
         2       133       137       138       163
         2       132       132       133       138
         2       132       133       138       162
         2       133       138       162       163
         2       132       132       133       139
         2       132       132       138       139
         2       132       138       139       162
         2       131       132       133       139
         2       131       132       139       161
         2       132       139       161       162
         2       131       133       134       140
         2       131       133       139       140
         2       131       139       140       161
         2       130       131       134       140
         2       130       131       140       160
         2       131       140       160       161
         2       129       130       134       135
         2       130       134       135       140
         2       130       135       140       160
         2       129       129       130       135
         2       129       130       135       159
         2       130       135       159       160
         2       135       136       142       159
         2       135       141       142       159
         2       141       142       153       159
         2       136       142       159       164
         2       142       158       159       164
         2       142       153       158       159
         2       136       137       143       164
         2       136       142       143       164
         2       142       143       158       164
         2       137       143       163       164
         2       143       157       163       164
         2       143       157       158       164
         2       137       138       144       163
         2       137       143       144       163
         2       143       144       157       163
         2       138       144       162       163
         2       144       156       162       163
         2       144       156       157       163
         2       138       139       145       162
         2       138       144       145       162
         2       144       145       156       162
         2       139       145       161       162
         2       145       155       161       162
         2       145       155       156       162
         2       139       140       146       161
         2       139       145       146       161
         2       145       146       155       161
         2       140       146       160       161
         2       146       154       160       161
         2       146       154       155       161
         2       135       140       141       160
         2       140       141       146       160
         2       141       146       154       160
         2       135       141       159       160
         2       141       153       159       160
         2       141       153       154       160
         2       141       142       148       153
         2       141       147       148       153
         2       147       147       148       153
         2       142       148       153       158
         2       148       152       153       158
         2       147       148       152       153
         2       142       143       149       158
         2       142       148       149       158
         2       148       149       152       158
         2       143       149       157       158
         2       149       151       157       158
         2       149       151       152       158
         2       143       144       150       157
         2       143       149       150       157
         2       149       150       151       157
         2       144       150       156       157
         2       150       150       156       157
         2       150       150       151       157
         2       144       145       151       156
         2       144       150       151       156
         2       150       150       151       156
         2       145       151       155       156
         2       149       151       155       156
         2       149       150       151       156
         2       145       146       152       155
         2       145       151       152       155
         2       149       151       152       155
         2       146       152       154       155
         2       148       152       154       155
         2       148       149       152       155
         2       141       146       147       154
         2       146       147       152       154
         2       147       148       152       154
         2       141       147       153       154
         2       147       147       153       154
         2       147       147       148       154
