Automatically generated mesh
     164
Reciprocal lattice
    0.00000000000000    0.00000000000000    0.00000000000000             1
    0.16666666666667   -0.00000000000000   -0.00000000000000             2
    0.33333333333333    0.00000000000000   -0.00000000000000             2
    0.50000000000000    0.00000000000000   -0.00000000000000             1
   -0.00000000000000    0.16666666666667    0.00000000000000             2
    0.16666666666667    0.16666666666667    0.00000000000000             2
    0.33333333333333    0.16666666666667   -0.00000000000000             2
    0.50000000000000    0.16666666666667    0.00000000000000             2
   -0.33333333333333    0.16666666666667    0.00000000000000             2
   -0.16666666666667    0.16666666666667    0.00000000000000             2
   -0.00000000000000    0.33333333333333    0.00000000000000             2
    0.16666666666667    0.33333333333333    0.00000000000000             2
    0.33333333333333    0.33333333333333    0.00000000000000             2
    0.50000000000000    0.33333333333333    0.00000000000000             2
   -0.33333333333333    0.33333333333333    0.00000000000000             2
   -0.16666666666667    0.33333333333333    0.00000000000000             2
   -0.00000000000000    0.50000000000000    0.00000000000000             1
    0.16666666666667    0.50000000000000    0.00000000000000             2
    0.33333333333333    0.50000000000000    0.00000000000000             2
    0.50000000000000    0.50000000000000    0.00000000000000             1
   -0.00000000000000    0.00000000000000    0.11111111111111             2
    0.16666666666667    0.00000000000000    0.11111111111111             2
    0.33333333333333    0.00000000000000    0.11111111111111             2
    0.50000000000000    0.00000000000000    0.11111111111111             2
   -0.33333333333333   -0.00000000000000    0.11111111111111             2
   -0.16666666666667    0.00000000000000    0.11111111111111             2
   -0.00000000000000    0.16666666666667    0.11111111111111             2
    0.16666666666667    0.16666666666667    0.11111111111111             2
    0.33333333333333    0.16666666666667    0.11111111111111             2
    0.50000000000000    0.16666666666667    0.11111111111111             2
   -0.33333333333333    0.16666666666667    0.11111111111111             2
   -0.16666666666667    0.16666666666667    0.11111111111111             2
   -0.00000000000000    0.33333333333333    0.11111111111111             2
    0.16666666666667    0.33333333333333    0.11111111111111             2
    0.33333333333333    0.33333333333333    0.11111111111111             2
    0.50000000000000    0.33333333333333    0.11111111111111             2
   -0.33333333333333    0.33333333333333    0.11111111111111             2
   -0.16666666666667    0.33333333333333    0.11111111111111             2
   -0.00000000000000    0.50000000000000    0.11111111111111             2
    0.16666666666667    0.50000000000000    0.11111111111111             2
    0.33333333333333    0.50000000000000    0.11111111111111             2
    0.50000000000000    0.50000000000000    0.11111111111111             2
   -0.33333333333333    0.50000000000000    0.11111111111111             2
   -0.16666666666667    0.50000000000000    0.11111111111111             2
   -0.00000000000000   -0.33333333333333    0.11111111111111             2
    0.16666666666667   -0.33333333333333    0.11111111111111             2
    0.33333333333333   -0.33333333333333    0.11111111111111             2
    0.50000000000000   -0.33333333333333    0.11111111111111             2
   -0.33333333333333   -0.33333333333333    0.11111111111111             2
   -0.16666666666667   -0.33333333333333    0.11111111111111             2
    0.00000000000000   -0.16666666666667    0.11111111111111             2
    0.16666666666667   -0.16666666666667    0.11111111111111             2
    0.33333333333333   -0.16666666666667    0.11111111111111             2
    0.50000000000000   -0.16666666666667    0.11111111111111             2
   -0.33333333333333   -0.16666666666667    0.11111111111111             2
   -0.16666666666667   -0.16666666666667    0.11111111111111             2
   -0.00000000000000   -0.00000000000000    0.22222222222222             2
    0.16666666666667   -0.00000000000000    0.22222222222222             2
    0.33333333333333    0.00000000000000    0.22222222222222             2
    0.50000000000000   -0.00000000000000    0.22222222222222             2
   -0.33333333333333   -0.00000000000000    0.22222222222222             2
   -0.16666666666667    0.00000000000000    0.22222222222222             2
   -0.00000000000000    0.16666666666667    0.22222222222222             2
    0.16666666666667    0.16666666666667    0.22222222222222             2
    0.33333333333333    0.16666666666667    0.22222222222222             2
    0.50000000000000    0.16666666666667    0.22222222222222             2
   -0.33333333333333    0.16666666666667    0.22222222222222             2
   -0.16666666666667    0.16666666666667    0.22222222222222             2
   -0.00000000000000    0.33333333333333    0.22222222222222             2
    0.16666666666667    0.33333333333333    0.22222222222222             2
    0.33333333333333    0.33333333333333    0.22222222222222             2
    0.50000000000000    0.33333333333333    0.22222222222222             2
   -0.33333333333333    0.33333333333333    0.22222222222222             2
   -0.16666666666667    0.33333333333333    0.22222222222222             2
   -0.00000000000000    0.50000000000000    0.22222222222222             2
    0.16666666666667    0.50000000000000    0.22222222222222             2
    0.33333333333333    0.50000000000000    0.22222222222222             2
    0.50000000000000    0.50000000000000    0.22222222222222             2
   -0.33333333333333    0.50000000000000    0.22222222222222             2
   -0.16666666666667    0.50000000000000    0.22222222222222             2
    0.00000000000000   -0.33333333333333    0.22222222222222             2
    0.16666666666667   -0.33333333333333    0.22222222222222             2
    0.33333333333333   -0.33333333333333    0.22222222222222             2
    0.50000000000000   -0.33333333333333    0.22222222222222             2
   -0.33333333333333   -0.33333333333333    0.22222222222222             2
   -0.16666666666667   -0.33333333333333    0.22222222222222             2
    0.00000000000000   -0.16666666666667    0.22222222222222             2
    0.16666666666667   -0.16666666666667    0.22222222222222             2
    0.33333333333333   -0.16666666666667    0.22222222222222             2
    0.50000000000000   -0.16666666666667    0.22222222222222             2
   -0.33333333333333   -0.16666666666667    0.22222222222222             2
   -0.16666666666667   -0.16666666666667    0.22222222222222             2
   -0.00000000000000    0.00000000000000    0.33333333333333             2
    0.16666666666667    0.00000000000000    0.33333333333333             2
    0.33333333333333    0.00000000000000    0.33333333333333             2
    0.50000000000000    0.00000000000000    0.33333333333333             2
   -0.33333333333333    0.00000000000000    0.33333333333333             2
   -0.16666666666667    0.00000000000000    0.33333333333333             2
   -0.00000000000000    0.16666666666667    0.33333333333333             2
    0.16666666666667    0.16666666666667    0.33333333333333             2
    0.33333333333333    0.16666666666667    0.33333333333333             2
    0.50000000000000    0.16666666666667    0.33333333333333             2
   -0.33333333333333    0.16666666666667    0.33333333333333             2
   -0.16666666666667    0.16666666666667    0.33333333333333             2
   -0.00000000000000    0.33333333333333    0.33333333333333             2
    0.16666666666667    0.33333333333333    0.33333333333333             2
    0.33333333333333    0.33333333333333    0.33333333333333             2
    0.50000000000000    0.33333333333333    0.33333333333333             2
   -0.33333333333333    0.33333333333333    0.33333333333333             2
   -0.16666666666667    0.33333333333333    0.33333333333333             2
   -0.00000000000000    0.50000000000000    0.33333333333333             2
    0.16666666666667    0.50000000000000    0.33333333333333             2
    0.33333333333333    0.50000000000000    0.33333333333333             2
    0.50000000000000    0.50000000000000    0.33333333333333             2
   -0.33333333333333    0.50000000000000    0.33333333333333             2
   -0.16666666666667    0.50000000000000    0.33333333333333             2
   -0.00000000000000   -0.33333333333333    0.33333333333333             2
    0.16666666666667   -0.33333333333333    0.33333333333333             2
    0.33333333333333   -0.33333333333333    0.33333333333333             2
    0.50000000000000   -0.33333333333333    0.33333333333333             2
   -0.33333333333333   -0.33333333333333    0.33333333333333             2
   -0.16666666666667   -0.33333333333333    0.33333333333333             2
   -0.00000000000000   -0.16666666666667    0.33333333333333             2
    0.16666666666667   -0.16666666666667    0.33333333333333             2
    0.33333333333333   -0.16666666666667    0.33333333333333             2
    0.50000000000000   -0.16666666666667    0.33333333333333             2
   -0.33333333333333   -0.16666666666667    0.33333333333333             2
   -0.16666666666667   -0.16666666666667    0.33333333333333             2
   -0.00000000000000   -0.00000000000000    0.44444444444444             2
    0.16666666666667   -0.00000000000000    0.44444444444444             2
    0.33333333333333   -0.00000000000000    0.44444444444444             2
    0.50000000000000    0.00000000000000    0.44444444444444             2
   -0.33333333333333    0.00000000000000    0.44444444444444             2
   -0.16666666666667    0.00000000000000    0.44444444444444             2
   -0.00000000000000    0.16666666666667    0.44444444444444             2
    0.16666666666667    0.16666666666667    0.44444444444444             2
    0.33333333333333    0.16666666666667    0.44444444444444             2
    0.50000000000000    0.16666666666667    0.44444444444444             2
   -0.33333333333333    0.16666666666667    0.44444444444444             2
   -0.16666666666667    0.16666666666667    0.44444444444444             2
   -0.00000000000000    0.33333333333333    0.44444444444444             2
    0.16666666666667    0.33333333333333    0.44444444444444             2
    0.33333333333333    0.33333333333333    0.44444444444444             2
    0.50000000000000    0.33333333333333    0.44444444444444             2
   -0.33333333333333    0.33333333333333    0.44444444444444             2
   -0.16666666666667    0.33333333333333    0.44444444444444             2
   -0.00000000000000    0.50000000000000    0.44444444444444             2
    0.16666666666667    0.50000000000000    0.44444444444444             2
    0.33333333333333    0.50000000000000    0.44444444444444             2
    0.50000000000000    0.50000000000000    0.44444444444444             2
   -0.33333333333333    0.50000000000000    0.44444444444444             2
   -0.16666666666667    0.50000000000000    0.44444444444444             2
    0.00000000000000   -0.33333333333333    0.44444444444444             2
    0.16666666666667   -0.33333333333333    0.44444444444444             2
    0.33333333333333   -0.33333333333333    0.44444444444444             2
    0.50000000000000   -0.33333333333333    0.44444444444444             2
   -0.33333333333333   -0.33333333333333    0.44444444444444             2
   -0.16666666666667   -0.33333333333333    0.44444444444444             2
    0.00000000000000   -0.16666666666667    0.44444444444444             2
    0.16666666666667   -0.16666666666667    0.44444444444444             2
    0.33333333333333   -0.16666666666667    0.44444444444444             2
    0.50000000000000   -0.16666666666667    0.44444444444444             2
   -0.33333333333333   -0.16666666666667    0.44444444444444             2
   -0.16666666666667   -0.16666666666667    0.44444444444444             2
Tetrahedra
       972    0.00051440329218
         2         1         2         5        22
         2         2         5         6        22
         2         5         6        22        28
         2         1         5        21        22
         2         5        21        22        27
         2         5        22        27        28
         2         2         3         6        23
         2         3         6         7        23
         2         6         7        23        29
         2         2         6        22        23
         2         6        22        23        28
         2         6        23        28        29
         2         3         4         7        24
         2         4         7         8        24
         2         7         8        24        30
         2         3         7        23        24
         2         7        23        24        29
         2         7        24        29        30
         2         3         4         8        25
         2         3         8         9        25
         2         8         9        25        31
         2         4         8        24        25
         2         8        24        25        30
         2         8        25        30        31
         2         2         3         9        26
         2         2         9        10        26
         2         9        10        26        32
         2         3         9        25        26
         2         9        25        26        31
         2         9        26        31        32
         2         1         2        10        21
         2         1         5        10        21
         2         5        10        21        27
         2         2        10        21        26
         2        10        21        26        32
         2        10        21        27        32
         2         5         6        11        28
         2         6        11        12        28
         2        11        12        28        34
         2         5        11        27        28
         2        11        27        28        33
         2        11        28        33        34
         2         6         7        12        29
         2         7        12        13        29
         2        12        13        29        35
         2         6        12        28        29
         2        12        28        29        34
         2        12        29        34        35
         2         7         8        13        30
         2         8        13        14        30
         2        13        14        30        36
         2         7        13        29        30
         2        13        29        30        35
         2        13        30        35        36
         2         8         9        14        31
         2         9        14        15        31
         2        14        15        31        37
         2         8        14        30        31
         2        14        30        31        36
         2        14        31        36        37
         2         9        10        15        32
         2        10        15        16        32
         2        15        16        32        38
         2         9        15        31        32
         2        15        31        32        37
         2        15        32        37        38
         2         5        10        16        27
         2         5        11        16        27
         2        11        16        27        33
         2        10        16        27        32
         2        16        27        32        38
         2        16        27        33        38
         2        11        12        17        34
         2        12        17        18        34
         2        17        18        34        40
         2        11        17        33        34
         2        17        33        34        39
         2        17        34        39        40
         2        12        13        18        35
         2        13        18        19        35
         2        18        19        35        41
         2        12        18        34        35
         2        18        34        35        40
         2        18        35        40        41
         2        13        14        19        36
         2        14        19        20        36
         2        19        20        36        42
         2        13        19        35        36
         2        19        35        36        41
         2        19        36        41        42
         2        14        15        20        37
         2        15        19        20        37
         2        19        20        37        43
         2        14        20        36        37
         2        20        36        37        42
         2        20        37        42        43
         2        15        16        19        38
         2        16        18        19        38
         2        18        19        38        44
         2        15        19        37        38
         2        19        37        38        43
         2        19        38        43        44
         2        11        16        18        33
         2        11        17        18        33
         2        17        18        33        39
         2        16        18        33        38
         2        18        33        38        44
         2        18        33        39        44
         2        11        17        18        40
         2        11        16        18        40
         2        11        16        40        46
         2        11        17        39        40
         2        11        39        40        45
         2        11        40        45        46
         2        16        18        19        41
         2        15        16        19        41
         2        15        16        41        47
         2        16        18        40        41
         2        16        40        41        46
         2        16        41        46        47
         2        15        19        20        42
         2        14        15        20        42
         2        14        15        42        48
         2        15        19        41        42
         2        15        41        42        47
         2        15        42        47        48
         2        14        19        20        43
         2        13        14        19        43
         2        13        14        43        49
         2        14        20        42        43
         2        14        42        43        48
         2        14        43        48        49
         2        13        18        19        44
         2        12        13        18        44
         2        12        13        44        50
         2        13        19        43        44
         2        13        43        44        49
         2        13        44        49        50
         2        12        17        18        39
         2        11        12        17        39
         2        11        12        39        45
         2        12        18        39        44
         2        12        39        44        50
         2        12        39        45        50
         2         5        11        16        46
         2         5        10        16        46
         2         5        10        46        52
         2         5        11        45        46
         2         5        45        46        51
         2         5        46        51        52
         2        10        15        16        47
         2         9        10        15        47
         2         9        10        47        53
         2        10        16        46        47
         2        10        46        47        52
         2        10        47        52        53
         2         9        14        15        48
         2         8         9        14        48
         2         8         9        48        54
         2         9        15        47        48
         2         9        47        48        53
         2         9        48        53        54
         2         8        13        14        49
         2         7         8        13        49
         2         7         8        49        55
         2         8        14        48        49
         2         8        48        49        54
         2         8        49        54        55
         2         7        12        13        50
         2         6         7        12        50
         2         6         7        50        56
         2         7        13        49        50
         2         7        49        50        55
         2         7        50        55        56
         2         6        11        12        45
         2         5         6        11        45
         2         5         6        45        51
         2         6        12        45        50
         2         6        45        50        56
         2         6        45        51        56
         2         1         5        10        52
         2         1         2        10        52
         2         1         2        22        52
         2         1         5        51        52
         2         1        21        51        52
         2         1        21        22        52
         2         2         9        10        53
         2         2         3         9        53
         2         2         3        23        53
         2         2        10        52        53
         2         2        22        52        53
         2         2        22        23        53
         2         3         8         9        54
         2         3         4         8        54
         2         3         4        24        54
         2         3         9        53        54
         2         3        23        53        54
         2         3        23        24        54
         2         4         7         8        55
         2         3         4         7        55
         2         3         4        25        55
         2         4         8        54        55
         2         4        24        54        55
         2         4        24        25        55
         2         3         6         7        56
         2         2         3         6        56
         2         2         3        26        56
         2         3         7        55        56
         2         3        25        55        56
         2         3        25        26        56
         2         2         5         6        51
         2         1         2         5        51
         2         1         2        21        51
         2         2         6        51        56
         2         2        26        51        56
         2         2        21        26        51
         2        21        22        27        58
         2        22        27        28        58
         2        27        28        58        64
         2        21        27        57        58
         2        27        57        58        63
         2        27        58        63        64
         2        22        23        28        59
         2        23        28        29        59
         2        28        29        59        65
         2        22        28        58        59
         2        28        58        59        64
         2        28        59        64        65
         2        23        24        29        60
         2        24        29        30        60
         2        29        30        60        66
         2        23        29        59        60
         2        29        59        60        65
         2        29        60        65        66
         2        24        25        30        61
         2        25        30        31        61
         2        30        31        61        67
         2        24        30        60        61
         2        30        60        61        66
         2        30        61        66        67
         2        25        26        31        62
         2        26        31        32        62
         2        31        32        62        68
         2        25        31        61        62
         2        31        61        62        67
         2        31        62        67        68
         2        21        26        32        57
         2        21        27        32        57
         2        27        32        57        63
         2        26        32        57        62
         2        32        57        62        68
         2        32        57        63        68
         2        27        28        33        64
         2        28        33        34        64
         2        33        34        64        70
         2        27        33        63        64
         2        33        63        64        69
         2        33        64        69        70
         2        28        29        34        65
         2        29        34        35        65
         2        34        35        65        71
         2        28        34        64        65
         2        34        64        65        70
         2        34        65        70        71
         2        29        30        35        66
         2        30        35        36        66
         2        35        36        66        72
         2        29        35        65        66
         2        35        65        66        71
         2        35        66        71        72
         2        30        31        36        67
         2        31        36        37        67
         2        36        37        67        73
         2        30        36        66        67
         2        36        66        67        72
         2        36        67        72        73
         2        31        32        37        68
         2        32        37        38        68
         2        37        38        68        74
         2        31        37        67        68
         2        37        67        68        73
         2        37        68        73        74
         2        27        32        38        63
         2        27        33        38        63
         2        33        38        63        69
         2        32        38        63        68
         2        38        63        68        74
         2        38        63        69        74
         2        33        34        39        70
         2        34        39        40        70
         2        39        40        70        76
         2        33        39        69        70
         2        39        69        70        75
         2        39        70        75        76
         2        34        35        40        71
         2        35        40        41        71
         2        40        41        71        77
         2        34        40        70        71
         2        40        70        71        76
         2        40        71        76        77
         2        35        36        41        72
         2        36        41        42        72
         2        41        42        72        78
         2        35        41        71        72
         2        41        71        72        77
         2        41        72        77        78
         2        36        37        42        73
         2        37        42        43        73
         2        42        43        73        79
         2        36        42        72        73
         2        42        72        73        78
         2        42        73        78        79
         2        37        38        43        74
         2        38        43        44        74
         2        43        44        74        80
         2        37        43        73        74
         2        43        73        74        79
         2        43        74        79        80
         2        33        38        44        69
         2        33        39        44        69
         2        39        44        69        75
         2        38        44        69        74
         2        44        69        74        80
         2        44        69        75        80
         2        39        40        45        76
         2        40        45        46        76
         2        45        46        76        82
         2        39        45        75        76
         2        45        75        76        81
         2        45        76        81        82
         2        40        41        46        77
         2        41        46        47        77
         2        46        47        77        83
         2        40        46        76        77
         2        46        76        77        82
         2        46        77        82        83
         2        41        42        47        78
         2        42        47        48        78
         2        47        48        78        84
         2        41        47        77        78
         2        47        77        78        83
         2        47        78        83        84
         2        42        43        48        79
         2        43        48        49        79
         2        48        49        79        85
         2        42        48        78        79
         2        48        78        79        84
         2        48        79        84        85
         2        43        44        49        80
         2        44        49        50        80
         2        49        50        80        86
         2        43        49        79        80
         2        49        79        80        85
         2        49        80        85        86
         2        39        44        50        75
         2        39        45        50        75
         2        45        50        75        81
         2        44        50        75        80
         2        50        75        80        86
         2        50        75        81        86
         2        45        46        51        82
         2        46        51        52        82
         2        51        52        82        88
         2        45        51        81        82
         2        51        81        82        87
         2        51        82        87        88
         2        46        47        52        83
         2        47        52        53        83
         2        52        53        83        89
         2        46        52        82        83
         2        52        82        83        88
         2        52        83        88        89
         2        47        48        53        84
         2        48        53        54        84
         2        53        54        84        90
         2        47        53        83        84
         2        53        83        84        89
         2        53        84        89        90
         2        48        49        54        85
         2        49        54        55        85
         2        54        55        85        91
         2        48        54        84        85
         2        54        84        85        90
         2        54        85        90        91
         2        49        50        55        86
         2        50        55        56        86
         2        55        56        86        92
         2        49        55        85        86
         2        55        85        86        91
         2        55        86        91        92
         2        45        50        56        81
         2        45        51        56        81
         2        51        56        81        87
         2        50        56        81        86
         2        56        81        86        92
         2        56        81        87        92
         2        21        51        52        88
         2        21        22        52        88
         2        21        22        58        88
         2        21        51        87        88
         2        21        57        87        88
         2        21        57        58        88
         2        22        52        53        89
         2        22        23        53        89
         2        22        23        59        89
         2        22        52        88        89
         2        22        58        88        89
         2        22        58        59        89
         2        23        53        54        90
         2        23        24        54        90
         2        23        24        60        90
         2        23        53        89        90
         2        23        59        89        90
         2        23        59        60        90
         2        24        54        55        91
         2        24        25        55        91
         2        24        25        61        91
         2        24        54        90        91
         2        24        60        90        91
         2        24        60        61        91
         2        25        55        56        92
         2        25        26        56        92
         2        25        26        62        92
         2        25        55        91        92
         2        25        61        91        92
         2        25        61        62        92
         2        26        51        56        87
         2        21        26        51        87
         2        21        26        57        87
         2        26        56        87        92
         2        26        62        87        92
         2        26        57        62        87
         2        57        58        63        94
         2        58        63        64        94
         2        63        64        94       100
         2        57        63        93        94
         2        63        93        94        99
         2        63        94        99       100
         2        58        59        64        95
         2        59        64        65        95
         2        64        65        95       101
         2        58        64        94        95
         2        64        94        95       100
         2        64        95       100       101
         2        59        60        65        96
         2        60        65        66        96
         2        65        66        96       102
         2        59        65        95        96
         2        65        95        96       101
         2        65        96       101       102
         2        60        61        66        97
         2        61        66        67        97
         2        66        67        97       103
         2        60        66        96        97
         2        66        96        97       102
         2        66        97       102       103
         2        61        62        67        98
         2        62        67        68        98
         2        67        68        98       104
         2        61        67        97        98
         2        67        97        98       103
         2        67        98       103       104
         2        57        62        68        93
         2        57        63        68        93
         2        63        68        93        99
         2        62        68        93        98
         2        68        93        98       104
         2        68        93        99       104
         2        63        64        69       100
         2        64        69        70       100
         2        69        70       100       106
         2        63        69        99       100
         2        69        99       100       105
         2        69       100       105       106
         2        64        65        70       101
         2        65        70        71       101
         2        70        71       101       107
         2        64        70       100       101
         2        70       100       101       106
         2        70       101       106       107
         2        65        66        71       102
         2        66        71        72       102
         2        71        72       102       108
         2        65        71       101       102
         2        71       101       102       107
         2        71       102       107       108
         2        66        67        72       103
         2        67        72        73       103
         2        72        73       103       109
         2        66        72       102       103
         2        72       102       103       108
         2        72       103       108       109
         2        67        68        73       104
         2        68        73        74       104
         2        73        74       104       110
         2        67        73       103       104
         2        73       103       104       109
         2        73       104       109       110
         2        63        68        74        99
         2        63        69        74        99
         2        69        74        99       105
         2        68        74        99       104
         2        74        99       104       110
         2        74        99       105       110
         2        69        70        75       106
         2        70        75        76       106
         2        75        76       106       112
         2        69        75       105       106
         2        75       105       106       111
         2        75       106       111       112
         2        70        71        76       107
         2        71        76        77       107
         2        76        77       107       113
         2        70        76       106       107
         2        76       106       107       112
         2        76       107       112       113
         2        71        72        77       108
         2        72        77        78       108
         2        77        78       108       114
         2        71        77       107       108
         2        77       107       108       113
         2        77       108       113       114
         2        72        73        78       109
         2        73        78        79       109
         2        78        79       109       115
         2        72        78       108       109
         2        78       108       109       114
         2        78       109       114       115
         2        73        74        79       110
         2        74        79        80       110
         2        79        80       110       116
         2        73        79       109       110
         2        79       109       110       115
         2        79       110       115       116
         2        69        74        80       105
         2        69        75        80       105
         2        75        80       105       111
         2        74        80       105       110
         2        80       105       110       116
         2        80       105       111       116
         2        75        76        81       112
         2        76        81        82       112
         2        81        82       112       118
         2        75        81       111       112
         2        81       111       112       117
         2        81       112       117       118
         2        76        77        82       113
         2        77        82        83       113
         2        82        83       113       119
         2        76        82       112       113
         2        82       112       113       118
         2        82       113       118       119
         2        77        78        83       114
         2        78        83        84       114
         2        83        84       114       120
         2        77        83       113       114
         2        83       113       114       119
         2        83       114       119       120
         2        78        79        84       115
         2        79        84        85       115
         2        84        85       115       121
         2        78        84       114       115
         2        84       114       115       120
         2        84       115       120       121
         2        79        80        85       116
         2        80        85        86       116
         2        85        86       116       122
         2        79        85       115       116
         2        85       115       116       121
         2        85       116       121       122
         2        75        80        86       111
         2        75        81        86       111
         2        81        86       111       117
         2        80        86       111       116
         2        86       111       116       122
         2        86       111       117       122
         2        81        82        87       118
         2        82        87        88       118
         2        87        88       118       124
         2        81        87       117       118
         2        87       117       118       123
         2        87       118       123       124
         2        82        83        88       119
         2        83        88        89       119
         2        88        89       119       125
         2        82        88       118       119
         2        88       118       119       124
         2        88       119       124       125
         2        83        84        89       120
         2        84        89        90       120
         2        89        90       120       126
         2        83        89       119       120
         2        89       119       120       125
         2        89       120       125       126
         2        84        85        90       121
         2        85        90        91       121
         2        90        91       121       127
         2        84        90       120       121
         2        90       120       121       126
         2        90       121       126       127
         2        85        86        91       122
         2        86        91        92       122
         2        91        92       122       128
         2        85        91       121       122
         2        91       121       122       127
         2        91       122       127       128
         2        81        86        92       117
         2        81        87        92       117
         2        87        92       117       123
         2        86        92       117       122
         2        92       117       122       128
         2        92       117       123       128
         2        57        87        88       124
         2        57        58        88       124
         2        57        58        94       124
         2        57        87       123       124
         2        57        93       123       124
         2        57        93        94       124
         2        58        88        89       125
         2        58        59        89       125
         2        58        59        95       125
         2        58        88       124       125
         2        58        94       124       125
         2        58        94        95       125
         2        59        89        90       126
         2        59        60        90       126
         2        59        60        96       126
         2        59        89       125       126
         2        59        95       125       126
         2        59        95        96       126
         2        60        90        91       127
         2        60        61        91       127
         2        60        61        97       127
         2        60        90       126       127
         2        60        96       126       127
         2        60        96        97       127
         2        61        91        92       128
         2        61        62        92       128
         2        61        62        98       128
         2        61        91       127       128
         2        61        97       127       128
         2        61        97        98       128
         2        62        87        92       123
         2        57        62        87       123
         2        57        62        93       123
         2        62        92       123       128
         2        62        98       123       128
         2        62        93        98       123
         2        93        94        99       130
         2        94        99       100       130
         2        99       100       130       136
         2        93        99       129       130
         2        99       129       130       135
         2        99       130       135       136
         2        94        95       100       131
         2        95       100       101       131
         2       100       101       131       137
         2        94       100       130       131
         2       100       130       131       136
         2       100       131       136       137
         2        95        96       101       132
         2        96       101       102       132
         2       101       102       132       138
         2        95       101       131       132
         2       101       131       132       137
         2       101       132       137       138
         2        96        97       102       133
         2        97       102       103       133
         2       102       103       133       139
         2        96       102       132       133
         2       102       132       133       138
         2       102       133       138       139
         2        97        98       103       134
         2        98       103       104       134
         2       103       104       134       140
         2        97       103       133       134
         2       103       133       134       139
         2       103       134       139       140
         2        93        98       104       129
         2        93        99       104       129
         2        99       104       129       135
         2        98       104       129       134
         2       104       129       134       140
         2       104       129       135       140
         2        99       100       105       136
         2       100       105       106       136
         2       105       106       136       142
         2        99       105       135       136
         2       105       135       136       141
         2       105       136       141       142
         2       100       101       106       137
         2       101       106       107       137
         2       106       107       137       143
         2       100       106       136       137
         2       106       136       137       142
         2       106       137       142       143
         2       101       102       107       138
         2       102       107       108       138
         2       107       108       138       144
         2       101       107       137       138
         2       107       137       138       143
         2       107       138       143       144
         2       102       103       108       139
         2       103       108       109       139
         2       108       109       139       145
         2       102       108       138       139
         2       108       138       139       144
         2       108       139       144       145
         2       103       104       109       140
         2       104       109       110       140
         2       109       110       140       146
         2       103       109       139       140
         2       109       139       140       145
         2       109       140       145       146
         2        99       104       110       135
         2        99       105       110       135
         2       105       110       135       141
         2       104       110       135       140
         2       110       135       140       146
         2       110       135       141       146
         2       105       106       111       142
         2       106       111       112       142
         2       111       112       142       148
         2       105       111       141       142
         2       111       141       142       147
         2       111       142       147       148
         2       106       107       112       143
         2       107       112       113       143
         2       112       113       143       149
         2       106       112       142       143
         2       112       142       143       148
         2       112       143       148       149
         2       107       108       113       144
         2       108       113       114       144
         2       113       114       144       150
         2       107       113       143       144
         2       113       143       144       149
         2       113       144       149       150
         2       108       109       114       145
         2       109       114       115       145
         2       114       115       145       151
         2       108       114       144       145
         2       114       144       145       150
         2       114       145       150       151
         2       109       110       115       146
         2       110       115       116       146
         2       115       116       146       152
         2       109       115       145       146
         2       115       145       146       151
         2       115       146       151       152
         2       105       110       116       141
         2       105       111       116       141
         2       111       116       141       147
         2       110       116       141       146
         2       116       141       146       152
         2       116       141       147       152
         2       111       112       117       148
         2       112       117       118       148
         2       117       118       148       154
         2       111       117       147       148
         2       117       147       148       153
         2       117       148       153       154
         2       112       113       118       149
         2       113       118       119       149
         2       118       119       149       155
         2       112       118       148       149
         2       118       148       149       154
         2       118       149       154       155
         2       113       114       119       150
         2       114       119       120       150
         2       119       120       150       156
         2       113       119       149       150
         2       119       149       150       155
         2       119       150       155       156
         2       114       115       120       151
         2       115       120       121       151
         2       120       121       151       157
         2       114       120       150       151
         2       120       150       151       156
         2       120       151       156       157
         2       115       116       121       152
         2       116       121       122       152
         2       121       122       152       158
         2       115       121       151       152
         2       121       151       152       157
         2       121       152       157       158
         2       111       116       122       147
         2       111       117       122       147
         2       117       122       147       153
         2       116       122       147       152
         2       122       147       152       158
         2       122       147       153       158
         2       117       118       123       154
         2       118       123       124       154
         2       123       124       154       160
         2       117       123       153       154
         2       123       153       154       159
         2       123       154       159       160
         2       118       119       124       155
         2       119       124       125       155
         2       124       125       155       161
         2       118       124       154       155
         2       124       154       155       160
         2       124       155       160       161
         2       119       120       125       156
         2       120       125       126       156
         2       125       126       156       162
         2       119       125       155       156
         2       125       155       156       161
         2       125       156       161       162
         2       120       121       126       157
         2       121       126       127       157
         2       126       127       157       163
         2       120       126       156       157
         2       126       156       157       162
         2       126       157       162       163
         2       121       122       127       158
         2       122       127       128       158
         2       127       128       158       164
         2       121       127       157       158
         2       127       157       158       163
         2       127       158       163       164
         2       117       122       128       153
         2       117       123       128       153
         2       123       128       153       159
         2       122       128       153       158
         2       128       153       158       164
         2       128       153       159       164
         2        93       123       124       160
         2        93        94       124       160
         2        93        94       130       160
         2        93       123       159       160
         2        93       129       159       160
         2        93       129       130       160
         2        94       124       125       161
         2        94        95       125       161
         2        94        95       131       161
         2        94       124       160       161
         2        94       130       160       161
         2        94       130       131       161
         2        95       125       126       162
         2        95        96       126       162
         2        95        96       132       162
         2        95       125       161       162
         2        95       131       161       162
         2        95       131       132       162
         2        96       126       127       163
         2        96        97       127       163
         2        96        97       133       163
         2        96       126       162       163
         2        96       132       162       163
         2        96       132       133       163
         2        97       127       128       164
         2        97        98       128       164
         2        97        98       134       164
         2        97       127       163       164
         2        97       133       163       164
         2        97       133       134       164
         2        98       123       128       159
         2        93        98       123       159
         2        93        98       129       159
         2        98       128       159       164
         2        98       134       159       164
         2        98       129       134       159
         2       129       130       134       135
         2       130       134       135       136
         2       134       135       136       164
         2       129       129       134       135
         2       129       134       135       159
         2       134       135       159       164
         2       130       131       133       136
         2       131       133       136       137
         2       133       136       137       163
         2       130       133       134       136
         2       133       134       136       164
         2       133       136       163       164
         2       131       132       132       137
         2       132       132       137       138
         2       132       137       138       162
         2       131       132       133       137
         2       132       133       137       163
         2       132       137       162       163
         2       131       132       133       138
         2       131       133       138       139
         2       131       138       139       161
         2       131       132       132       138
         2       131       132       138       162
         2       131       138       161       162
         2       130       133       134       139
         2       130       134       139       140
         2       130       139       140       160
         2       130       131       133       139
         2       130       131       139       161
         2       130       139       160       161
         2       129       129       134       140
         2       129       129       135       140
         2       129       135       140       159
         2       129       130       134       140
         2       129       130       140       160
         2       129       140       159       160
         2       135       136       141       164
         2       136       141       142       164
         2       141       142       158       164
         2       135       141       159       164
         2       141       153       159       164
         2       141       153       158       164
         2       136       137       142       163
         2       137       142       143       163
         2       142       143       157       163
         2       136       142       163       164
         2       142       158       163       164
         2       142       157       158       163
         2       137       138       143       162
         2       138       143       144       162
         2       143       144       156       162
         2       137       143       162       163
         2       143       157       162       163
         2       143       156       157       162
         2       138       139       144       161
         2       139       144       145       161
         2       144       145       155       161
         2       138       144       161       162
         2       144       156       161       162
         2       144       155       156       161
         2       139       140       145       160
         2       140       145       146       160
         2       145       146       154       160
         2       139       145       160       161
         2       145       155       160       161
         2       145       154       155       160
         2       135       140       146       159
         2       135       141       146       159
         2       141       146       153       159
         2       140       146       159       160
         2       146       154       159       160
         2       146       153       154       159
         2       141       142       147       158
         2       142       147       148       158
         2       147       148       152       158
         2       141       147       153       158
         2       147       147       153       158
         2       147       147       152       158
         2       142       143       148       157
         2       143       148       149       157
         2       148       149       151       157
         2       142       148       157       158
         2       148       152       157       158
         2       148       151       152       157
         2       143       144       149       156
         2       144       149       150       156
         2       149       150       150       156
         2       143       149       156       157
         2       149       151       156       157
         2       149       150       151       156
         2       144       145       150       155
         2       145       150       151       155
         2       149       150       151       155
         2       144       150       155       156
         2       150       150       155       156
         2       149       150       150       155
         2       145       146       151       154
         2       146       151       152       154
         2       148       151       152       154
         2       145       151       154       155
         2       149       151       154       155
         2       148       149       151       154
         2       141       146       152       153
         2       141       147       152       153
         2       147       147       152       153
         2       146       152       153       154
         2       148       152       153       154
         2       147       148       152       153
